Matrix:
[[False  True  True  True  True  True  True  True]
 [ True False False False False False False False]
 [ True False False False False False False False]
 [ True False False False False False False False]
 [ True False False False False False False False]
 [ True False False False False False False False]
 [ True False False False False False False False]
 [ True False False False False False False False]]

Penalty distributed algo
0 x: [0. 0. 0. 0. 0. 0. 0. 0. 0. 0. 0. 0. 0. 0. 0. 0. 0. 0. 0. 0. 0. 0. 0. 0.
 0. 0. 0. 0. 0. 0. 0. 0.]
1 x: [0. 0. 0. 0. 0. 0. 0. 0. 0. 0. 0. 0. 0. 0. 0. 0. 0. 0. 0. 0. 0. 0. 0. 0.
 0. 0. 0. 0. 0. 0. 0. 0.]
2 x: [0. 0. 0. 0. 0. 0. 0. 0. 0. 0. 0. 0. 0. 0. 0. 0. 0. 0. 0. 0. 0. 0. 0. 0.
 0. 0. 0. 0. 0. 0. 0. 0.]
3 x: [0. 0. 0. 0. 0. 0. 0. 0. 0. 0. 0. 0. 0. 0. 0. 0. 0. 0. 0. 0. 0. 0. 0. 0.
 0. 0. 0. 0. 0. 0. 0. 0.]
4 x: [0. 0. 0. 0. 0. 0. 0. 0. 0. 0. 0. 0. 0. 0. 0. 0. 0. 0. 0. 0. 0. 0. 0. 0.
 0. 0. 0. 0. 0. 0. 0. 0.]
5 x: [0. 0. 0. 0. 0. 0. 0. 0. 0. 0. 0. 0. 0. 0. 0. 0. 0. 0. 0. 0. 0. 0. 0. 0.
 0. 0. 0. 0. 0. 0. 0. 0.]
6 x: [0. 0. 0. 0. 0. 0. 0. 0. 0. 0. 0. 0. 0. 0. 0. 0. 0. 0. 0. 0. 0. 0. 0. 0.
 0. 0. 0. 0. 0. 0. 0. 0.]
7 x: [0. 0. 0. 0. 0. 0. 0. 0. 0. 0. 0. 0. 0. 0. 0. 0. 0. 0. 0. 0. 0. 0. 0. 0.
 0. 0. 0. 0. 0. 0. 0. 0.]
Agent reg error:  0.0
Agent error:  12.091317174996945
Error:  12.091317174996945

0 x: [0.00213633 0.00435322 0.00258413 0.00346259 0.00076517 0.00316367
 0.00262103 0.00325488 0.00279346 0.00363386 0.00198335 0.0052272
 0.00353373 0.00128705 0.00174646 0.0013117  0.0041515  0.00360596
 0.0033757  0.00286672 0.00394019 0.0019879  0.00388431 0.00357642
 0.00383871 0.00399643 0.00116332 0.00269528 0.00318409 0.0020342
 0.00464429 0.0029656 ]
1 x: [0.00099707 0.00171204 0.00250212 0.0015246  0.00134372 0.00241931
 0.00214707 0.00117262 0.00113419 0.00202184 0.00160015 0.00157575
 0.00184292 0.00056586 0.00216419 0.00074141 0.00244915 0.00181418
 0.00307359 0.00104144 0.00066497 0.00148961 0.00267598 0.0027777
 0.00169334 0.00247901 0.00238308 0.00159701 0.00237072 0.00130702
 0.00051507 0.0026434 ]
2 x: [0.00150155 0.00079954 0.00046947 0.00099141 0.00066515 0.0014716
 0.00148974 0.00125991 0.00119441 0.00132676 0.00116378 0.00122019
 0.00149111 0.00081873 0.0018483  0.00179341 0.00097827 0.00086031
 0.00057304 0.00034901 0.00076616 0.00138831 0.00055456 0.00089597
 0.00165342 0.0005148  0.00160631 0.00061053 0.00058684 0.00112491
 0.00120519 0.00166374]
3 x: [0.00137075 0.00147222 0.00155476 0.00167992 0.00208156 0.00237975
 0.00084869 0.00123872 0.00093711 0.00194697 0.00116636 0.00232601
 0.00128244 0.00066479 0.00110759 0.00191581 0.00146004 0.00085811
 0.00111714 0.00231329 0.0007925  0.002264   0.00148505 0.00076522
 0.00117583 0.00171125 0.00140296 0.00183153 0.00243293 0.00229288
 0.00237224 0.00172899]
4 x: [0.00270786 0.00295581 0.00059131 0.00225583 0.00230773 0.00282307
 0.00329544 0.00287229 0.00199412 0.00179775 0.00349045 0.00256554
 0.00142909 0.00091013 0.00219405 0.00229107 0.00206416 0.00195198
 0.00224347 0.0023395  0.00210128 0.00195808 0.00246558 0.00285789
 0.00309484 0.00166132 0.00154598 0.00199528 0.00240014 0.00223512
 0.00207906 0.00293087]
5 x: [0.00018307 0.00171786 0.00105179 0.00218606 0.00049144 0.00240026
 0.00263663 0.00257146 0.00263583 0.00143667 0.00054578 0.00223493
 0.00261583 0.00248675 0.00153257 0.00095731 0.00191847 0.00097454
 0.001581   0.00191947 0.00155414 0.0024649  0.0013236  0.00158149
 0.00063721 0.00107825 0.00071462 0.00129318 0.00129816 0.00084053
 0.00092621 0.00220608]
6 x: [0.00129575 0.00233624 0.00125311 0.00242413 0.00275199 0.00235753
 0.0028378  0.00169276 0.0011223  0.00285486 0.00163321 0.0029979
 0.00223039 0.00240602 0.00065316 0.0026024  0.00146416 0.0033502
 0.00115574 0.00213394 0.00205155 0.00340859 0.00133044 0.00162265
 0.00107234 0.00218626 0.00179845 0.0025526  0.00388842 0.00221584
 0.00284598 0.0026125 ]
7 x: [0.00191874 0.00371325 0.00098993 0.00233567 0.00318271 0.0016955
 0.00271667 0.00243591 0.0020812  0.00446745 0.00366029 0.00394639
 0.00295291 0.00248953 0.00269716 0.00294812 0.00286483 0.00123243
 0.00240135 0.00414094 0.00327844 0.00430202 0.00310118 0.00212455
 0.0034913  0.0037636  0.00436521 0.00300599 0.00260859 0.00196062
 0.00301418 0.00426397]
Agent reg error:  0.04202653943828647
Agent error:  10.867464538034957
Error:  11.032854588250656

0 x: [-0.12695171 -0.02049864 -0.09161094  0.25988674 -0.04964077  0.06239941
 -0.05901376  0.05335016  0.02714446  0.19892919 -0.00563155  0.01487748
  0.11095336 -0.05740358  0.02476969 -0.05683988  0.02055358  0.01784738
  0.14527956 -0.0620378  -0.12476191  0.26643181  0.10392044 -0.11304608
  0.08542362  0.08195717  0.06969865 -0.04826038  0.09714638 -0.04555801
  0.05820612  0.11769316]
1 x: [-0.12559679 -0.02213697 -0.08995584  0.25955062 -0.06036227  0.0638403
 -0.08226217  0.04066326  0.00833527  0.19357022  0.00135601 -0.01692998
  0.09375579 -0.05666125  0.02660869 -0.06530853  0.02849401  0.0209684
  0.14448882 -0.07691524 -0.12299975  0.25539281  0.09645243 -0.10066542
  0.08160005  0.07570019  0.05982876 -0.04721285  0.08426502 -0.06085401
  0.0532708   0.11777461]
2 x: [-1.34606424e-01 -3.43310886e-02 -1.03150202e-01  2.56728266e-01
 -6.88184465e-02  4.80276720e-02 -5.89158765e-02  4.43269214e-02
  1.75382379e-02  1.93681203e-01 -1.17636275e-02  3.62527783e-03
  1.14866049e-01 -5.71281794e-02  2.68930472e-02 -5.46554496e-02
  3.36227385e-03  1.92197902e-04  1.33288814e-01 -6.62421797e-02
 -1.36906917e-01  2.58422713e-01  9.48680501e-02 -1.20852326e-01
  8.00298044e-02  6.86278316e-02  6.33487091e-02 -4.50780132e-02
  8.65653571e-02 -4.69828315e-02  5.21652768e-02  1.07946781e-01]
3 x: [-0.13733888 -0.02755503 -0.09984827  0.24928821 -0.05678351  0.0435793
 -0.06475469  0.04538612  0.01777002  0.18400345 -0.00668922  0.01320997
  0.10405288 -0.06988592  0.00630685 -0.06423841  0.00729649  0.00638868
  0.12895928 -0.08033277 -0.13448188  0.24835165  0.10518706 -0.13272632
  0.07454258  0.07536524  0.05516742 -0.07046183  0.09029576 -0.05087448
  0.04435448  0.11132173]
4 x: [-0.11639244 -0.00880712 -0.08823255  0.26476824 -0.04135998  0.06679893
 -0.04512675  0.06313657  0.03094601  0.20202926  0.00678294  0.02607746
  0.11408776 -0.05280484  0.0309995  -0.04911874  0.02844571  0.02427063
  0.15165341 -0.050303   -0.11949554  0.26952472  0.11208986 -0.09900914
  0.09401266  0.08717173  0.07206921 -0.0403952   0.10434863 -0.03783988
  0.06226877  0.12457334]
5 x: [-0.13274859 -0.03783876 -0.09296259  0.25808772 -0.05948354  0.06782722
 -0.05809946  0.05991471  0.04362357  0.18507549 -0.0143415   0.01072136
  0.10356971 -0.06176639  0.03863705 -0.08072479  0.01145883  0.01732681
  0.15726496 -0.07205431 -0.13120713  0.26227277  0.09397843 -0.12585487
  0.08565151  0.08418562  0.06815273 -0.06381639  0.09704013 -0.05766373
  0.04463621  0.10361575]
6 x: [-0.13010026 -0.0121039  -0.08665754  0.25496818 -0.02411552  0.0688732
 -0.058297    0.05340309  0.02778124  0.21483356 -0.02085513  0.02296286
  0.11918994 -0.0559831   0.01051026 -0.04011415  0.02484628  0.03130771
  0.14303732 -0.04940412 -0.1238848   0.28569923  0.10975916 -0.11211771
  0.07618486  0.07632275  0.08588839 -0.04076622  0.10959282 -0.03681178
  0.07379092  0.11991381]
7 x: [-0.11754408 -0.00957411 -0.08557953  0.27124083 -0.03778899  0.07251424
 -0.04878399  0.05850762  0.03543694  0.21301916  0.002905    0.03355776
  0.12030521 -0.04957793  0.0302912  -0.04600892  0.03198854  0.01631938
  0.15198746 -0.04580173 -0.11293715  0.28331166  0.10789454 -0.10628844
  0.09789731  0.09640995  0.0804938  -0.03487489  0.10249113 -0.03143911
  0.06800608  0.13246598]
Agent reg error:  0.25610109563178124
Agent error:  1.0822830974095439
Error:  1.8493196335586415

0 x: [-0.18006059 -0.05471304 -0.16718205  0.37910776 -0.04171687  0.09033662
 -0.09046877  0.08339562  0.0157756   0.22883721 -0.01650399 -0.0168032
  0.16507856 -0.08116169  0.00246201 -0.07631876 -0.00790031  0.0395686
  0.19021935 -0.08361735 -0.12491931  0.30579257  0.14911263 -0.16340843
  0.0939771   0.11954046  0.09905848 -0.12852236  0.13872351 -0.12828009
  0.08279325  0.11531844]
1 x: [-0.17745296 -0.05717082 -0.16774759  0.37939458 -0.05060184  0.0920415
 -0.11397487  0.07250519 -0.0013589   0.22196447 -0.0122524  -0.04704334
  0.14725993 -0.08207163  0.00193246 -0.08399113 -0.00310179  0.04170737
  0.18819973 -0.09782857 -0.12283134  0.29596975  0.14079994 -0.15460768
  0.09001275  0.11374362  0.08746325 -0.1269016   0.12616802 -0.14405792
  0.07710107  0.11306784]
2 x: [-0.18783635 -0.06723263 -0.1772351   0.3770807  -0.0590347   0.07759208
 -0.09138905  0.07496388  0.00693345  0.22494271 -0.02302842 -0.02646576
  0.16809351 -0.0820466   0.00350192 -0.07616008 -0.02344405  0.02331272
  0.18008892 -0.08810686 -0.13704356  0.29952482  0.14158252 -0.17110206
  0.088804    0.10778491  0.09261889 -0.12678723  0.12981649 -0.12989908
  0.07689107  0.10704755]
3 x: [-0.18932908 -0.06182358 -0.17514107  0.36882931 -0.05021613  0.07387041
 -0.09495827  0.07604258  0.00765499  0.21638746 -0.01986537 -0.02166704
  0.15879474 -0.09002977 -0.01037466 -0.08433361 -0.0193696   0.0314614
  0.17745647 -0.09987438 -0.13377076  0.29138233  0.14754689 -0.1784303
  0.08483763  0.11250312  0.08642469 -0.1452904   0.12994841 -0.13573344
  0.06927545  0.10854107]
4 x: [-0.16919274 -0.04214477 -0.16430821  0.38445146 -0.03370216  0.09651355
 -0.07634699  0.09233074  0.02107878  0.23368727 -0.00366296 -0.00473184
  0.17020701 -0.07627923  0.00924851 -0.06925293 -0.00105264  0.04730759
  0.19883381 -0.07107688 -0.11852433  0.31101151  0.15909322 -0.14956111
  0.10343168  0.12533231  0.10230747 -0.1215397   0.1480955  -0.12013688
  0.08645308  0.12349068]
5 x: [-0.1846554  -0.06739601 -0.16857328  0.3776331  -0.04922369  0.09199576
 -0.09164356  0.0862094   0.0258013   0.21866297 -0.02310533 -0.02055632
  0.15850942 -0.08607354  0.01147843 -0.09363027 -0.01472079  0.0379723
  0.19726645 -0.09230148 -0.13102555  0.30135311  0.14087385 -0.17331712
  0.09372809  0.12100332  0.09724462 -0.13937933  0.13886884 -0.13721504
  0.07232472  0.10370237]
6 x: [-0.18185964 -0.05003864 -0.16105783  0.37508054 -0.0180476   0.09781544
 -0.08959218  0.08686943  0.017757    0.24175373 -0.02896538 -0.00841043
  0.17041051 -0.07840576 -0.00702302 -0.06112336 -0.00242099  0.04947004
  0.18683553 -0.07304464 -0.1233622   0.32028608  0.15596785 -0.16404656
  0.08597453  0.11671262  0.11491039 -0.12399034  0.1499459  -0.12102198
  0.0944228   0.11608204]
7 x: [-0.17491154 -0.04482745 -0.16077703  0.38763531 -0.03225761  0.09847718
 -0.07766872  0.08764308  0.02461475  0.23934953 -0.0068974   0.00181364
  0.17686624 -0.07507609  0.00579451 -0.06779338  0.00208978  0.03884646
  0.19700867 -0.06952991 -0.1155939   0.31900984  0.15160858 -0.15801271
  0.10452323  0.1309977   0.10983289 -0.11936868  0.14392387 -0.11272801
  0.09544454  0.12974994]
Agent reg error:  0.20263207618181933
Agent error:  0.800209819304682
Error:  1.4571660531174364

0 x: [-0.2105476  -0.07906901 -0.22361643  0.4583318  -0.03220313  0.11331698
 -0.10294823  0.11047171 -0.00419088  0.22973035 -0.01366812 -0.04641541
  0.20507911 -0.09304456 -0.02730949 -0.08156253 -0.02337705  0.06173542
  0.21669334 -0.0899976  -0.10836361  0.3225639   0.16604592 -0.1881591
  0.11186243  0.1361249   0.12594478 -0.19090955  0.15565702 -0.19142905
  0.11582321  0.10532302]
1 x: [-0.20760477 -0.08141427 -0.22439287  0.45923717 -0.03967065  0.11542344
 -0.12479741  0.10092931 -0.01961912  0.22318948 -0.01020544 -0.07425696
  0.18850676 -0.0942907  -0.02797249 -0.08848645 -0.01938028  0.06394002
  0.21497529 -0.10312376 -0.10611499  0.3137681   0.15853711 -0.1803069
  0.10827248  0.13138576  0.11483934 -0.18914224  0.14452669 -0.20640714
  0.11033459  0.10296891]
2 x: [-0.21851903 -0.09114842 -0.2330366   0.45666606 -0.04854451  0.10111642
 -0.10450547  0.10211142 -0.01297897  0.22594426 -0.02062129 -0.05554601
  0.20742024 -0.09467271 -0.02727146 -0.08273604 -0.0384374   0.04608281
  0.2071714  -0.09466177 -0.12032643  0.31641622  0.15909374 -0.19573644
  0.1063784   0.12500167  0.11898106 -0.19029718  0.1475084  -0.19354449
  0.1098728   0.09728845]
3 x: [-0.21857493 -0.08573183 -0.23097243  0.44877866 -0.0405345   0.09889937
 -0.10637751  0.10388754 -0.0112543   0.21893111 -0.0177749  -0.05229859
  0.19957165 -0.09972763 -0.03685086 -0.08920032 -0.03349445  0.05573154
  0.20608264 -0.10431591 -0.11602955  0.31027383  0.16336456 -0.20011532
  0.10394133  0.12937859  0.11481036 -0.20435985  0.14671605 -0.19939302
  0.10336369  0.09869555]
4 x: [-0.19994544 -0.066868   -0.22109984  0.46369045 -0.02449005  0.12010692
 -0.08936891  0.11875121  0.00162114  0.23497803 -0.00122801 -0.03469012
  0.21078629 -0.08831415 -0.02044199 -0.07493455 -0.01730167  0.06965198
  0.22555597 -0.07796072 -0.10153807  0.32813186  0.17620497 -0.17504715
  0.12118835  0.14192997  0.12943342 -0.1845941   0.16548983 -0.18350705
  0.11941166  0.11370209]
5 x: [-0.21432467 -0.08917701 -0.22520282  0.45648658 -0.03812244  0.11358978
 -0.10525138  0.1112315   0.00231654  0.22155498 -0.01903016 -0.04990888
  0.19887314 -0.0977286  -0.021117   -0.09508318 -0.02932502  0.05991219
  0.22114341 -0.09753731 -0.11389972  0.31842273  0.15916678 -0.19641132
  0.11109765  0.1367546   0.124053   -0.19946779  0.15576687 -0.19837456
  0.10711145  0.09587859]
6 x: [-0.21176779 -0.0765029  -0.21719631  0.45480543 -0.01014829  0.12056519
 -0.10197379  0.11538534 -0.00203224  0.24061809 -0.02450855 -0.03806666
  0.20867661 -0.09001926 -0.03438835 -0.06731747 -0.01768175  0.06961275
  0.21274173 -0.08052939 -0.10667592  0.33418992  0.1728111  -0.18941435
  0.10444866  0.13462976  0.14083018 -0.18845208  0.16576638 -0.18531007
  0.12516416  0.10524719]
7 x: [-0.20734281 -0.06950458 -0.21768819  0.46560981 -0.02491186  0.12041402
 -0.09006562  0.11438124  0.00518778  0.23859154 -0.00388763 -0.02855795
  0.21718184 -0.0883329  -0.02544462 -0.07508321 -0.01374021  0.06120537
  0.2237629  -0.07792661 -0.10107267  0.3348992   0.16760176 -0.18462687
  0.12228353  0.14596433  0.13632458 -0.182907    0.16025052 -0.17572652
  0.12880136  0.11857652]
Agent reg error:  0.16893715161600528
Agent error:  0.6608214313328342
Error:  1.2215212253917516

0 x: [-0.23188732 -0.0977055  -0.26750521  0.51555387 -0.02537883  0.13330072
 -0.10960902  0.13440305 -0.02771867  0.22157622 -0.00567992 -0.07275913
  0.23532044 -0.09917003 -0.05965753 -0.08167014 -0.03083206  0.08044045
  0.23683985 -0.08862289 -0.08955889  0.33480452  0.17154534 -0.204081
  0.13504649  0.14235279  0.15240967 -0.23998771  0.16011951 -0.2415004
  0.14766805  0.09377581]
1 x: [-0.22884677 -0.0995488  -0.26789452  0.51701381 -0.03174231  0.13589288
 -0.12932608  0.12602374 -0.04152017  0.21594235 -0.00232453 -0.09805956
  0.22049179 -0.10036713 -0.05985046 -0.08785833 -0.02686238  0.08292871
  0.23592401 -0.10055738 -0.08724138  0.32705676  0.16527882 -0.19640238
  0.13202245  0.13872579  0.14254601 -0.23804542  0.15056528 -0.25519748
  0.14270936  0.09208475]
2 x: [-0.2401763  -0.10957356 -0.27665341  0.51384985 -0.04112178  0.12120437
 -0.1118498   0.12590241 -0.03659998  0.21753304 -0.0129716  -0.08185523
  0.23694961 -0.10134529 -0.06055687 -0.08386411 -0.0456567   0.06521376
  0.22761039 -0.09336596 -0.10134476  0.32841511  0.16484049 -0.21164121
  0.129094    0.13157672  0.14486507 -0.24013721  0.15233328 -0.2442093
  0.14156957  0.08550771]
3 x: [-0.23892644 -0.10380955 -0.27439281  0.50663187 -0.03325364  0.12040275
 -0.11217865  0.12844656 -0.0339904   0.211957   -0.00996499 -0.07886157
  0.2305329  -0.10453825 -0.06719231 -0.08877853 -0.04003611  0.0758689
  0.22764075 -0.10148641 -0.09631883  0.32397777  0.16838083 -0.2141702
  0.128126    0.13587498  0.14234006 -0.2513203   0.15148812 -0.2494513
  0.13623596  0.08744593]
4 x: [-0.22172571 -0.08612356 -0.26529229  0.52074487 -0.01805322  0.14019414
 -0.09673285  0.14209138 -0.02181748  0.22680912  0.00619144 -0.06164118
  0.24113924 -0.09469979 -0.05295486 -0.07545855 -0.02533116  0.08821815
  0.24545319 -0.07730599 -0.08268558  0.34033315  0.18137634 -0.19173041
  0.14403045  0.1479369   0.15591021 -0.23421971  0.16983175 -0.23394197
  0.15123606  0.10201242]
5 x: [-0.23510862 -0.10616882 -0.26924913  0.51336423 -0.03025343  0.1329355
 -0.11254097  0.13395399 -0.02334042  0.21466363 -0.01020789 -0.07607659
  0.22936691 -0.10355606 -0.05525691 -0.09277234 -0.03625586  0.07862088
  0.23976361 -0.09531144 -0.0946259   0.33107632  0.16558848 -0.21123878
  0.13397575  0.14233178  0.15052257 -0.24716837  0.16009947 -0.24710944
  0.14017843  0.08595546]
6 x: [-0.23262688 -0.0964312  -0.26099808  0.51238972 -0.00465576  0.14032386
 -0.10846361  0.14016994 -0.0254728   0.23093751 -0.01521898 -0.0645703
  0.23780823 -0.09596814 -0.06512068 -0.06819096 -0.02504619  0.08702431
  0.23256489 -0.07996695 -0.08768808  0.34440147  0.17804786 -0.20556775
  0.1281904   0.14169665  0.16644667 -0.23881777  0.16935364 -0.23614104
  0.15557493  0.09320311]
7 x: [-0.22963341 -0.0886144  -0.26216422  0.52226096 -0.01953031  0.1397905
 -0.09740259  0.13799763 -0.01829816  0.22945799  0.00367702 -0.05591756
  0.24699192 -0.09542718 -0.05870186 -0.07655575 -0.02155705  0.07986764
  0.24387573 -0.07809006 -0.08364578  0.34669756  0.17243117 -0.20183758
  0.14528682  0.1511563   0.16209997 -0.23255076  0.16410384 -0.22625022
  0.16017961  0.10587365]
Agent reg error:  0.14453995513376422
Agent error:  0.5734363592576249
Error:  1.0577642658866409

0 x: [-0.2485908  -0.11324566 -0.30225821  0.55946359 -0.02078573  0.15120917
 -0.11396823  0.1556386  -0.05264829  0.21049353  0.00390245 -0.09562872
  0.25937032 -0.10152834 -0.0918596  -0.0797377  -0.03413385  0.09537799
  0.25385337 -0.08300856 -0.07142916  0.34514678  0.17288169 -0.21645808
  0.16026592  0.14387124  0.17813212 -0.27953267  0.15891264 -0.28298789
  0.17517918  0.081918  ]
1 x: [-0.2455846  -0.11451952 -0.30207945  0.56137561 -0.02625932  0.15423548
 -0.13159036  0.14824543 -0.0649939   0.20589771  0.00737917 -0.11854943
  0.24626961 -0.10255112 -0.09142293 -0.0852783  -0.02989402  0.09820333
  0.25384359 -0.09381126 -0.06913342  0.33842316  0.16786699 -0.20868592
  0.15785116  0.14125286  0.16964818 -0.27744837  0.15082789 -0.29534766
  0.17080754  0.08107989]
2 x: [-0.25719101 -0.12496038 -0.31126746  0.55757606 -0.03608929  0.1390836
 -0.11685227  0.14696383 -0.06163795  0.20611267 -0.00363594 -0.10484541
  0.26032387 -0.10411605 -0.09358099 -0.08272856 -0.04877829  0.08050786
  0.24482014 -0.08775881 -0.08302894  0.3384628   0.16630902 -0.22403539
  0.15385426  0.13333865  0.17008819 -0.28022327  0.15132251 -0.2862511
  0.16891247  0.07329554]
3 x: [-2.54847243e-01 -1.18800894e-01 -3.08802577e-01  5.51042973e-01
 -2.81684437e-02  1.39460854e-01 -1.15835826e-01  1.50187377e-01
 -5.83216919e-02  2.01762805e-01 -3.42429148e-04 -1.01635475e-01
  2.55206285e-01 -1.06041919e-01 -9.80780292e-02 -8.63239875e-02
 -4.27031064e-02  9.18490581e-02  2.45655816e-01 -9.47534180e-02
 -7.75073820e-02  3.35415626e-01  1.69518207e-01 -2.25363762e-01
  1.54177147e-01  1.37594238e-01  1.68852308e-01 -2.89414537e-01
  1.50715726e-01 -2.90755213e-01  1.64618639e-01  7.58953967e-02]
4 x: [-0.23888526 -0.10232993 -0.30030385  0.56445699 -0.01384655  0.15803467
 -0.10181372  0.16285191 -0.04680655  0.21559973  0.01522401 -0.08515925
  0.26509236 -0.09734878 -0.08536878 -0.07387724 -0.02903642  0.1028859
  0.26204719 -0.07245108 -0.06467613  0.35055755  0.18223272 -0.20483145
  0.16890399  0.1491692   0.18160125 -0.27416807  0.16828757 -0.27578592
  0.17878147  0.08994095]
5 x: [-2.51399769e-01 -1.20541174e-01 -3.04111603e-01  5.57016339e-01
 -2.49239594e-02  1.50501188e-01 -1.17265846e-01  1.54430029e-01
 -4.96836855e-02  2.04461787e-01 -1.11661377e-05 -9.88081542e-02
  2.53627357e-01 -1.05638354e-01 -8.86925994e-02 -8.91405195e-02
 -3.91648742e-02  9.36251634e-02  2.55789559e-01 -8.90280009e-02
 -7.61099291e-02  3.41808325e-01  1.67586851e-01 -2.22817663e-01
  1.59018019e-01  1.43366268e-01  1.76293857e-01 -2.85774766e-01
  1.58746168e-01 -2.87641656e-01  1.68607795e-01  7.53085263e-02]
6 x: [-0.24889266 -0.11275365 -0.29578244  0.55661244 -0.00122181  0.15808603
 -0.11262494  0.16193351 -0.05030065  0.21867851 -0.00451804 -0.08766097
  0.26115009 -0.09815493 -0.09613231 -0.06695262 -0.02832332  0.10109492
  0.24943717 -0.07500972 -0.06932125  0.35323525  0.17912008 -0.21798514
  0.15396218  0.14381282  0.19144198 -0.27911784  0.16747413 -0.27814991
  0.18212284  0.08106698]
7 x: [-0.24685503 -0.10476006 -0.29746536  0.56586527 -0.01591787  0.15729674
 -0.10263548  0.15889434 -0.04347675  0.2176329   0.01257564 -0.079839
  0.27036463 -0.09850486 -0.09153429 -0.07555596 -0.02530746  0.09465971
  0.26065144 -0.07366531 -0.06648365  0.35661006  0.17322895 -0.21508529
  0.17013574  0.15190127  0.18701898 -0.27256011  0.16233789 -0.26840376
  0.18697057  0.09296156]
Agent reg error:  0.12606974418262393
Agent error:  0.5127933599552612
Error:  0.9376803687985101

0 x: [-0.26272143 -0.12708788 -0.32996476  0.59468612 -0.01773052  0.16748739
 -0.11722581  0.1744741  -0.07783836  0.19882029  0.01355363 -0.11538842
  0.27941766 -0.10129039 -0.12270412 -0.0771146  -0.03532028  0.10716809
  0.2688311  -0.07530737 -0.05467272  0.35404276  0.17288946 -0.22718452
  0.18599112  0.14329049  0.20257343 -0.31190569  0.15533965 -0.31838666
  0.19808527  0.07035896]
1 x: [-0.25982986 -0.12784192 -0.32920136  0.59694944 -0.02247501  0.17085394
 -0.13294457  0.16790892 -0.08891494  0.19522342  0.0172066  -0.13617354
  0.26787774 -0.10210696 -0.12163973 -0.08210998 -0.03072013  0.11031635
  0.26967217 -0.08509226 -0.05246695  0.34827341  0.16899778 -0.21924916
  0.18415869  0.14153641  0.1953874  -0.30973577  0.14854974 -0.32950163
  0.19426518  0.0703477 ]
2 x: [-0.27157696 -0.1386482  -0.33887558  0.59257557 -0.03265426  0.15531859
 -0.12067622  0.16565571 -0.08690467  0.19411678  0.00585276 -0.12474877
  0.27976424 -0.10418544 -0.1251187  -0.08072874 -0.04977531  0.09263644
  0.2599715  -0.08001282 -0.06606621  0.34709719  0.16642042 -0.23477661
  0.17918079  0.13297664  0.19414193 -0.31299066  0.14788514 -0.32213011
  0.19166242  0.06138584]
3 x: [-0.26834471 -0.13214294 -0.33625193  0.58666635 -0.02465789  0.15663972
 -0.1185176   0.16943405 -0.08304279  0.19078696  0.00943232 -0.12118142
  0.27578246 -0.10520666 -0.12799908 -0.08323286 -0.04342547  0.10442861
  0.26139364 -0.08616064 -0.06022007  0.34516782  0.16946153 -0.2352906
  0.18060008  0.13716013  0.19391277 -0.32073066  0.1475885  -0.325925
  0.18823999  0.06461166]
4 x: [-0.25343191 -0.11680827 -0.32822254  0.59951317 -0.0111363   0.17421393
 -0.10574819  0.18133473 -0.07209532  0.20378968  0.02439705 -0.10553367
  0.28495117 -0.09739867 -0.11639784 -0.07152555 -0.03049029  0.11435677
  0.27656151 -0.06548786 -0.0481025   0.35934211  0.18174131 -0.21622298
  0.19433913  0.14830843  0.20602399 -0.30681514  0.16431098 -0.3114887
  0.20177316  0.07819066]
5 x: [-0.26520217 -0.1334942  -0.33189012  0.59204916 -0.02131664  0.16657251
 -0.12074374  0.17275762 -0.07588941  0.19345187  0.01012064 -0.11845085
  0.27386305 -0.1051568  -0.12044341 -0.08523536 -0.04002947  0.10549417
  0.27007669 -0.08077617 -0.05902907  0.35104441  0.16810698 -0.23292359
  0.1846381   0.14242274  0.20080601 -0.31745061  0.15503231 -0.32231896
  0.19223633  0.06467914]
6 x: [-0.26263712 -0.12706272 -0.32359614  0.5921222   0.00079101  0.17426157
 -0.115691    0.18108202 -0.07538753  0.20608219  0.00610156 -0.10767217
  0.28074709 -0.09776107 -0.12606538 -0.06497884 -0.02953809  0.11227764
  0.26439732 -0.06786238 -0.05232331  0.3609806   0.17888841 -0.22865742
  0.18021274  0.14368037  0.21524161 -0.31191666  0.16337362 -0.31392676
  0.20434106  0.06936477]
7 x: [-0.26130207 -0.1192663  -0.32565006  0.60088806 -0.01356513  0.17327694
 -0.1067665   0.17738144 -0.0690594   0.20531626  0.02145998 -0.1006009
  0.28968508 -0.0988268  -0.12285672 -0.07360458 -0.02699409  0.10626502
  0.27528652 -0.06691537 -0.05044365  0.36502331  0.1727788  -0.2264155
  0.19536365  0.15068626  0.21064298 -0.30539405  0.15826588 -0.30451881
  0.20910321  0.08045423]
Agent reg error:  0.11174216198500192
Agent error:  0.46866762712613314
Error:  0.8472321036407469

0 x: [-0.27534647 -0.13994355 -0.35208953  0.62383117 -0.01566947  0.18234437
 -0.11989635  0.1911699  -0.10260011  0.18751484  0.02263696 -0.1325222
  0.29671267 -0.09925514 -0.1517384  -0.07437086 -0.03545941  0.11652444
  0.28226741 -0.06676011 -0.03934775  0.36159262  0.17264258 -0.23699354
  0.21150866  0.14180911  0.22539033 -0.33866473  0.15095975 -0.3491614
  0.21696518  0.05947361]
1 x: [-0.27261589 -0.14025704 -0.35078941  0.6263593  -0.01981193  0.18595801
 -0.13393255  0.18529929 -0.11257974  0.18481986  0.02645677 -0.15141824
  0.28654147 -0.09986863 -0.15010687 -0.07891245 -0.03050118  0.11995254
  0.2838505  -0.0756482  -0.03727476  0.35668491  0.169717   -0.2289057
  0.21020119  0.1407771   0.21935788 -0.3364615   0.14528635 -0.35916231
  0.21363585  0.06019289]
2 x: [-0.28439129 -0.15133148 -0.36090708  0.62150039 -0.03023297  0.17015999
 -0.12383079  0.1822545  -0.11169882  0.18253424  0.01484477 -0.14200399
  0.29652869 -0.10237442 -0.15472421 -0.07847074 -0.04969806  0.10233392
  0.27358283 -0.07138537 -0.05051237  0.35443924  0.16628031 -0.24458414
  0.20437092  0.13171822  0.21667663 -0.34003917  0.14362523 -0.35330923
  0.21041065  0.05019464]
3 x: [-0.28044797 -0.14455665 -0.35817617  0.61613951 -0.02219673  0.1722243
 -0.12071563  0.18646758 -0.10742396  0.18004615  0.01866577 -0.13806893
  0.2935227  -0.10272914 -0.15635032 -0.08008603 -0.04320737  0.11439795
  0.27543677 -0.07688335 -0.04446657  0.35340452  0.16921399 -0.24452236
  0.20670788  0.13578694  0.21723718 -0.3466815   0.14362621 -0.35647141
  0.20770455  0.05396102]
4 x: [-0.2664163  -0.13023936 -0.3505169   0.62854103 -0.00936558  0.18898971
 -0.10902364  0.19778531 -0.09695503  0.19236986  0.0330846  -0.1232205
  0.30202468 -0.09563276 -0.14557003 -0.06897978 -0.03079285  0.12338746
  0.28954564 -0.05762834 -0.03297478  0.3668087   0.18102899 -0.22662676
  0.2196341   0.14658009  0.22884658 -0.33374476  0.15952855 -0.34250763
  0.22077846  0.06716145]
5 x: [-0.27755485 -0.14564104 -0.35405927  0.62105273 -0.01882211  0.18129566
 -0.12354923  0.18909582 -0.10142434  0.18267403  0.01959441 -0.13548123
  0.29133165 -0.10290644 -0.15017552 -0.08147736 -0.03989424  0.11492678
  0.28300186 -0.07176303 -0.04342718  0.3588876   0.16827966 -0.24223011
  0.21009231  0.14066425  0.2237031  -0.34366095  0.15052467 -0.35252508
  0.21170276  0.05453083]
6 x: [-0.27493298 -0.14019193 -0.34587358  0.62153314  0.00189957  0.18903001
 -0.11819144  0.19794324 -0.10006162  0.19403881  0.01602242 -0.12506849
  0.29775466 -0.09559758 -0.15438632 -0.06284413 -0.02974548  0.12118911
  0.27789425 -0.05979258 -0.03678279  0.36763576  0.17842378 -0.23836872
  0.20621527  0.14254341  0.23747753 -0.33890502  0.15856557 -0.34499156
  0.2227025   0.0584184 ]
7 x: [-0.27414234 -0.13279499 -0.34818376  0.62987631 -0.01203301  0.18789447
 -0.11024618  0.19373357 -0.09427595  0.19342317  0.02977511 -0.11866071
  0.30627814 -0.09724308 -0.15227494 -0.0713699  -0.02765001  0.11542838
  0.2883346  -0.05915337 -0.03567456  0.3720486   0.17213317 -0.23665684
  0.2203208   0.1486577   0.2326744  -0.33261967  0.15344521 -0.33599478
  0.22723226  0.06871794]
Agent reg error:  0.10040640912968415
Agent error:  0.4357256954017532
Error:  0.7777824102450936

0 x: [-0.28704885 -0.1521742  -0.36974015  0.64847492 -0.01422904  0.19588389
 -0.12224211  0.20598963 -0.1265044   0.17695606  0.03092196 -0.14746898
  0.31197212 -0.09598114 -0.17885519 -0.07171762 -0.03513003  0.12403611
  0.29445086 -0.05803997 -0.02532579  0.3678636   0.17251895 -0.2461799
  0.23647216  0.13997993  0.24643426 -0.36091195  0.14649074 -0.37624932
  0.23252982  0.0494864 ]
1 x: [-0.2845035  -0.15212449 -0.36797198  0.65119797 -0.01787236  0.19966599
 -0.13480417  0.20070364 -0.13553636  0.17505404  0.03487932 -0.16469995
  0.30299237 -0.09640685 -0.17673315 -0.07588038 -0.02985362  0.12769196
  0.29665881 -0.06614272 -0.02340823  0.36371913  0.17041285 -0.23797914
  0.2356228   0.13954442  0.24140678 -0.35871586  0.14177289 -0.38526594
  0.22962897  0.05082713]
2 x: [-0.29622132 -0.16337016 -0.37845699  0.64594285 -0.02843764  0.18372237
 -0.12658397  0.19702277 -0.13559258  0.17175032  0.02309564 -0.15703709
  0.31133089 -0.09925967 -0.18230513 -0.07619372 -0.04912505  0.11019458
  0.28594857 -0.06256218 -0.03624234  0.36055632  0.16627562 -0.2537492
  0.22907523  0.13012331  0.23752725 -0.36249842  0.13927784 -0.38073308
  0.22587177  0.03995687]
3 x: [-0.29171434 -0.15640243 -0.37566334  0.64105853 -0.02041129  0.18636634
 -0.12267351  0.20156733 -0.13101159  0.16995507  0.02710286 -0.15277404
  0.30915625 -0.09911241 -0.1829408  -0.07709113 -0.04258968  0.12239441
  0.2881218  -0.06755338 -0.03008862  0.36023732  0.16911875 -0.25326605
  0.23217396  0.13404048  0.23871046 -0.36828701  0.13953396 -0.38334758
  0.22375093  0.04417078]
4 x: [-0.2784201  -0.14297601 -0.36830127  0.6531161  -0.00816087  0.20247751
 -0.11189468  0.21244679 -0.12094395  0.18172637  0.04105203 -0.13865081
  0.31705969 -0.09260294 -0.17277906 -0.06646397 -0.03054965  0.13058928
  0.30131124 -0.04953283 -0.01914313  0.37302637  0.18049281 -0.2363341
  0.24443789  0.14454413  0.24991822 -0.35608432  0.15468749 -0.36978555
  0.2364955   0.05707838]
5 x: [-0.28902646 -0.15728947 -0.37173426  0.64558994 -0.01703021  0.19474611
 -0.12597694  0.20365377 -0.12594067  0.17255012  0.02820411 -0.15033448
  0.30675278 -0.09944073 -0.17784732 -0.07799675 -0.03932617  0.12250823
  0.29479172 -0.06264252 -0.02916595  0.36541289  0.16851136 -0.25099893
  0.23501821  0.13861951  0.24482933 -0.36545978  0.14594369 -0.37915112
  0.22775382  0.04514358]
6 x: [-0.28636174 -0.15257724 -0.36370184  0.64642135  0.00246408  0.20247984
 -0.1203935   0.21282589 -0.12390133  0.18287996  0.02503086 -0.14027758
  0.31282989 -0.09222726 -0.18093682 -0.06075958 -0.02951239  0.12836127
  0.29018513 -0.05148995 -0.02258293  0.37319976  0.17809842 -0.24744072
  0.23161865  0.14098172  0.25798741 -0.36126564  0.15373712 -0.37231321
  0.23785876  0.04841947]
7 x: [-0.28600553 -0.14568057 -0.36618336  0.65438109 -0.01100866  0.20123073
 -0.11332273  0.20822262 -0.11865382  0.18231866  0.03732535 -0.13445431
  0.32088527 -0.09434369 -0.17971218 -0.06912014 -0.0278316   0.12275297
  0.30011708 -0.0510995  -0.02210125  0.37777531  0.17165777 -0.24616339
  0.24470353  0.14634307  0.25298213 -0.35533027  0.14858712 -0.36374464
  0.24209461  0.05796512]
Agent reg error:  0.09127364815367539
Agent error:  0.4107130562946145
Error:  0.7235330091944756

0 x: [-0.29815493 -0.16396516 -0.38378291  0.66963679 -0.01316709  0.20817515
 -0.12441387  0.21919104 -0.1492929   0.16726249  0.03836164 -0.16058854
  0.32562549 -0.09186152 -0.20409979 -0.06921056 -0.03465403  0.13014847
  0.30558326 -0.04949319 -0.01244381  0.37294142  0.17262281 -0.25486307
  0.26070782  0.13805596  0.26568868 -0.37946764  0.1422471  -0.40029869
  0.24541075  0.04051659]
1 x: [-0.29580507 -0.16361836 -0.38161734  0.67249989 -0.01639576  0.21206357
 -0.13568622  0.21439957 -0.15750393  0.16605048  0.04242478 -0.17635078
  0.31768419 -0.09211775 -0.20156242 -0.07305427 -0.02911118  0.13398057
  0.30830823 -0.05690821 -0.0106904   0.36946519  0.17121059 -0.24659516
  0.26025048  0.13811105  0.26153243 -0.37730735  0.13834602 -0.40844778
  0.24288214  0.04237788]
2 x: [-0.30740197 -0.17495293 -0.39238798  0.66692747 -0.02702236  0.19607398
 -0.12909547  0.21021202 -0.15833367  0.16188095  0.03054584 -0.17020676
  0.32459305 -0.09524907 -0.20792316 -0.07397554 -0.0483834   0.11666249
  0.29727021 -0.0538984  -0.02309835  0.36552802  0.16651094 -0.26239186
  0.25311253  0.12844371  0.25665994 -0.3812083   0.13516277 -0.40505913
  0.23867703  0.03079094]
3 x: [-0.30245226 -0.1678607  -0.38956696  0.66245636 -0.01905323  0.19916653
 -0.12452624  0.21500342 -0.15353254  0.16065555  0.03468617 -0.16567143
  0.32312429 -0.09471724 -0.20776653 -0.07429524 -0.0418713   0.12889604
  0.29967832 -0.05848908 -0.01690471  0.36578257  0.16926282 -0.26159224
  0.25683964  0.13218367  0.25833586 -0.38631796  0.13562403 -0.40720577
  0.2370343   0.03536643]
4 x: [-0.28977432 -0.15520496 -0.38244907  0.67425038 -0.00728557  0.21474489
 -0.11451434  0.22555719 -0.14380136  0.17197599  0.04824316 -0.15218572
  0.33050059 -0.08870043 -0.19807744 -0.06404708 -0.0301038   0.13641805
  0.31206824 -0.04154379 -0.00643545  0.37807671  0.18024108 -0.24546657
  0.26856727  0.1424522   0.26921694 -0.37467521  0.15011344 -0.39397972
  0.24954473  0.04805366]
5 x: [-0.29993516 -0.16859282 -0.38578714  0.66667157 -0.01567708  0.20697796
 -0.1281963   0.21665805 -0.14922627  0.16322277  0.03591781 -0.16336847
  0.32055682 -0.09514909 -0.20354324 -0.07480138 -0.0386401   0.12868313
  0.3056125  -0.05374876 -0.0160754   0.37071248  0.16892124 -0.25932944
  0.25923303  0.13652534  0.26416402 -0.38364014  0.14160414 -0.40281776
  0.24104395  0.03667139]
6 x: [-0.29724458 -0.16444902 -0.37793391  0.66780568  0.00271938  0.21467453
 -0.12244813  0.22601877 -0.14664905  0.17269127  0.03309494 -0.15365314
  0.32636537 -0.08804213 -0.20572771 -0.05878085 -0.02915122  0.13420524
  0.30145116 -0.04331191 -0.00956184  0.37771118  0.17801295 -0.25600705
  0.25624917  0.13926598  0.27674758 -0.37986641  0.1491832  -0.39655835
  0.25040707  0.03946695]
7 x: [-0.29724114 -0.1580952  -0.38052559  0.67541184 -0.01028669  0.21334295
 -0.1161505   0.22111023 -0.14191159  0.17211627  0.04407653 -0.14834687
  0.33394058 -0.09054232 -0.20523155 -0.06694536 -0.02784822  0.1286897
  0.31085352 -0.04313114 -0.00959358  0.38230753  0.17144833 -0.25509218
  0.26836365  0.1439812   0.27155386 -0.37433657  0.14399836 -0.38840952
  0.25432761  0.04830318]
Agent reg error:  0.08379247891702546
Agent error:  0.39146423106682954
Error:  0.6804595081687137

0 x: [-3.08842988e-01 -1.75406278e-01 -3.94899694e-01  6.88008967e-01
 -1.23319631e-02  2.19278673e-01 -1.26504136e-01  2.31006378e-01
 -1.70814661e-01  1.58437505e-01  4.49845201e-02 -1.72162382e-01
  3.37943340e-01 -8.71774136e-02 -2.27570212e-01 -6.68458225e-02
 -3.42116884e-02  1.35189408e-01  3.15814320e-01 -4.12900021e-02
 -5.58925560e-04  3.76926503e-01  1.72955030e-01 -2.63087205e-01
  2.84116869e-01  1.36149851e-01  2.83207294e-01 -3.94956816e-01
  1.38353126e-01 -4.21776229e-01  2.56114907e-01  3.26139675e-02]
1 x: [-0.30669024 -0.1748163  -0.39240211  0.69096967 -0.01521624  0.22322572
 -0.13664671  0.22663522 -0.17831212  0.15782405  0.04912537 -0.18662656
  0.33091085 -0.08728197 -0.22468504 -0.07041809 -0.02845446  0.13915095
  0.31896298 -0.04810147  0.00103056  0.37403092  0.17213225 -0.25479485
  0.28399047  0.13660767  0.2798073  -0.39285152  0.13515093 -0.4291596
  0.25390978  0.03490902]
2 x: [-0.31812043 -0.18617416 -0.40338202  0.68514695 -0.02583585  0.2072704
 -0.13146687  0.22204751 -0.1797781   0.15292397  0.0372135  -0.18179747
  0.33657757 -0.09063536 -0.23169145 -0.0718298  -0.04765973  0.12206197
  0.3076952  -0.04557038 -0.01094287  0.36944745  0.16698458 -0.27055837
  0.2763759   0.1267882   0.27411322 -0.39680819  0.13140474 -0.42676277
  0.24933131  0.02274187]
3 x: [-0.31282697 -0.17901546 -0.40056076  0.6810344  -0.01796349  0.21070666
 -0.12635329  0.22701781 -0.17482651  0.15216678  0.04144026 -0.17704737
  0.33570745 -0.0898048  -0.23089492 -0.0716852  -0.04121837  0.13425375
  0.31027299 -0.04984113 -0.00476019  0.37016267  0.16963855 -0.26951714
  0.28061779  0.13033626  0.27617931 -0.40136802  0.13202267 -0.42851221
  0.24807997  0.02760414]
4 x: [-0.30066366 -0.16702153 -0.39364842  0.69262716 -0.00659522  0.22584695
 -0.11698162  0.23733204 -0.1653774   0.16311764  0.05467635 -0.16411194
  0.34262488 -0.08420677 -0.2215714  -0.06173666 -0.02965195  0.14120569
  0.3219676  -0.03383246  0.00529454  0.38205489  0.18027223 -0.25407347
  0.29191353  0.1404125   0.28679112 -0.390159    0.14593316 -0.41556563
  0.2604244   0.0401287 ]
5 x: [-0.31045388 -0.17962061 -0.39690408  0.68498399 -0.0145974   0.21804223
 -0.13031133  0.22832192 -0.17115859  0.15470972  0.04277412 -0.17486379
  0.33301446 -0.09031034 -0.22738625 -0.07185689 -0.03801166  0.1337794
  0.31559186 -0.04524381 -0.00400771  0.37489121  0.16951851 -0.26725269
  0.28263268  0.13448345  0.28175843 -0.3988104   0.13762952 -0.42397431
  0.25209551  0.02918622]
6 x: [-0.30775328 -0.17592462 -0.38924325  0.68637831  0.00281258  0.22567379
 -0.12444591  0.23777595 -0.16815119  0.16345303  0.04025626 -0.1654734
  0.33860879 -0.08331974 -0.2288328  -0.05690471 -0.0288351   0.1390279
  0.31182868 -0.03543655  0.00242691  0.38123729  0.17816656 -0.26411914
  0.28001032  0.13752127  0.29380805 -0.39536039  0.14501591 -0.41820462
  0.26083374  0.03159803]
7 x: [-0.30803945 -0.17012292 -0.39190153  0.69365709 -0.00973841  0.22428489
 -0.11883046  0.23263026 -0.163886    0.16281708  0.05006051 -0.16062711
  0.34571209 -0.08613389 -0.22894225 -0.06486301 -0.02787356  0.13356809
  0.32070319 -0.03543921  0.00197042  0.38575875  0.17149933 -0.26351152
  0.29121718  0.14167603  0.28844214 -0.3902566   0.13979616 -0.41045567
  0.26443662  0.03977183]
Agent reg error:  0.07757531352155
Agent error:  0.37647465416062204
Error:  0.645735561892098

[-0.30917386 -0.17601273 -0.39536773  0.68785082 -0.01243325  0.21929116
 -0.12644254  0.23034589 -0.17153807  0.15818122  0.04506636 -0.17283875
  0.33763743 -0.08735879 -0.22769679 -0.06701752 -0.03448956  0.13477964
  0.3153546  -0.04184438 -0.00119341  0.37681371  0.17264588 -0.2633643
  0.28385934  0.1354969   0.28301336 -0.39507137  0.13816328 -0.42180138
  0.25565328  0.03231922]
