
Penalty distributed algo
0 x: [0. 0. 0. 0. 0. 0. 0. 0. 0. 0. 0. 0. 0. 0. 0. 0.]
1 x: [0. 0. 0. 0. 0. 0. 0. 0. 0. 0. 0. 0. 0. 0. 0. 0.]
2 x: [0. 0. 0. 0. 0. 0. 0. 0. 0. 0. 0. 0. 0. 0. 0. 0.]
3 x: [0. 0. 0. 0. 0. 0. 0. 0. 0. 0. 0. 0. 0. 0. 0. 0.]
Agent reg error:  0.0
Agent error:  2.7186629382926673
Error:  2.7186629382926673

0 x: [0.01312798 0.01772808 0.02232351 0.02179942 0.0145315  0.02037517
 0.0142291  0.01444085 0.01428347 0.02782987 0.01916949 0.01500753
 0.02556521 0.01770479 0.01153242 0.01870932]
1 x: [0.0198049  0.00724188 0.02024455 0.01123272 0.00347186 0.0201516
 0.01828896 0.00550148 0.02217176 0.01812018 0.01736556 0.02069918
 0.01563376 0.01221436 0.020507   0.01108804]
2 x: [0.00327567 0.00796865 0.00644119 0.00601059 0.00472333 0.00661529
 0.00383183 0.00329208 0.00619364 0.00651528 0.00887318 0.00490304
 0.00785251 0.00424457 0.00297953 0.009561  ]
3 x: [0.01505043 0.00928315 0.0135343  0.00703109 0.01637055 0.00504203
 0.01030071 0.01643828 0.01213911 0.01615224 0.01044217 0.01403228
 0.01064059 0.01930464 0.00448181 0.00501877]
Agent reg error:  0.0036535367204115024
Agent error:  1.6283116870418022
Error:  1.81094736999971

0 x: [ 0.07128417 -0.36753527  0.53206819  0.26148397 -0.03984435 -0.32361457
  0.24334406 -0.0062472  -0.13095077  0.67816579  0.32214991  0.11805024
  0.3133468  -0.76369862 -0.11524181 -0.35503084]
1 x: [ 0.10190332 -0.37303628  0.53744391  0.26631752 -0.03598257 -0.32442301
  0.25349114 -0.00084997 -0.1380066   0.67536304  0.34263909  0.13251445
  0.31599689 -0.75761656 -0.11337433 -0.34230847]
2 x: [ 0.05799463 -0.36647702  0.54353552  0.26038827 -0.06270898 -0.31679907
  0.24067579 -0.00831948 -0.15072153  0.65329246  0.3224764   0.09482842
  0.27856038 -0.79465825 -0.12129821 -0.35211732]
3 x: [ 0.11311378 -0.34130024  0.56266869  0.27186003  0.00144698 -0.3068449
  0.26528986  0.02140143 -0.12325301  0.70962983  0.35682302  0.15144615
  0.33619883 -0.72799716 -0.1079535  -0.33954527]
Agent reg error:  0.024415944960863085
Agent error:  0.03101057778981784
Error:  0.2120431272646619

0 x: [-0.02013053 -0.45761736  0.61158201  0.24103634 -0.15266563 -0.3441409
  0.4120353   0.18248333 -0.28478758  0.79546422  0.39060608  0.15537609
  0.38844577 -0.88518088 -0.21730424 -0.5154967 ]
1 x: [ 0.01325961 -0.45770334  0.62604002  0.25078    -0.14412886 -0.33719252
  0.42699974  0.19333735 -0.28653602  0.80238501  0.41555695  0.1722002
  0.39369333 -0.87450269 -0.21189012 -0.49551594]
2 x: [-0.01981576 -0.44702017  0.63405551  0.25062115 -0.16036398 -0.326538
  0.41580148  0.18872403 -0.29353192  0.78695608  0.40418147  0.14784499
  0.37305539 -0.9010203  -0.21733016 -0.50138161]
3 x: [ 0.02047639 -0.43018895  0.64334358  0.25752238 -0.11375414 -0.31997985
  0.43431527  0.21024354 -0.27713881  0.82809513  0.42842553  0.18651008
  0.41258702 -0.85167375 -0.20745188 -0.49624465]
Agent reg error:  0.016126626196782456
Agent error:  0.020516658231308497
Error:  0.14225742210039777

0 x: [-0.096998   -0.53242848  0.63948108  0.18488558 -0.22774036 -0.31276744
  0.51847996  0.28736686 -0.33748496  0.84825381  0.46480454  0.19288977
  0.43639515 -0.9267543  -0.3327649  -0.59380016]
1 x: [-0.06548564 -0.52909611  0.65676832  0.19616005 -0.21777108 -0.3028878
  0.53412172  0.2997791  -0.33630643  0.85910476  0.48989486  0.21016981
  0.4438513  -0.91445628 -0.32569894 -0.57293894]
2 x: [-0.09208291 -0.51834892  0.66464317  0.19768658 -0.22981627 -0.29258363
  0.52474661  0.296634   -0.34113978  0.84694709  0.4823634   0.19146963
  0.4295853  -0.93567989 -0.33016412 -0.57607357]
3 x: [-0.05887768 -0.50523713  0.67076987  0.20255264 -0.19125816 -0.28779341
  0.54005732  0.31448464 -0.32901025  0.88083273  0.50158143  0.22263582
  0.46088745 -0.89459551 -0.32214229 -0.57406408]
Agent reg error:  0.013222469769705945
Agent error:  0.016522421884252392
Error:  0.1212353423564898

0 x: [-0.15993278 -0.59429928  0.6497878   0.1182728  -0.27871364 -0.26889753
  0.59978576  0.35679841 -0.3431241   0.87349512  0.54137624  0.21974372
  0.47411785 -0.94434785 -0.44694109 -0.64695123]
1 x: [-0.13081741 -0.58954965  0.6674243   0.12966557 -0.26862033 -0.25824217
  0.61491133  0.36925505 -0.34070521  0.88549924  0.565329    0.23646738
  0.48233799 -0.9319149  -0.43944555 -0.626845  ]
2 x: [-0.15350175 -0.57948642  0.67477457  0.13167413 -0.27860263 -0.24875367
  0.6067738   0.36685511 -0.34456186  0.87513029  0.55960691  0.22071629
  0.47104033 -0.95011398 -0.44339438 -0.62861442]
3 x: [-0.12453401 -0.56833994  0.67955805  0.13555367 -0.24476509 -0.24484618
  0.62015281  0.38252651 -0.33453298  0.90474571  0.57601438  0.24774427
  0.49780411 -0.91400943 -0.43645188 -0.62792538]
Agent reg error:  0.011258123561675413
Agent error:  0.013896380134189302
Error:  0.10564888899902469

0 x: [-0.21362841 -0.64772881  0.65341327  0.05042318 -0.31698302 -0.2228872
  0.66823262  0.40949121 -0.32923159  0.88671408  0.61585769  0.23943772
  0.50670257 -0.95305555 -0.55511562 -0.68958701]
1 x: [-0.18680506 -0.64259362  0.67040149  0.06135687 -0.30729077 -0.2123898
  0.6824639   0.42140619 -0.32640595  0.89865352  0.63827773  0.25519952
  0.51489531 -0.94111732 -0.54776886 -0.67070662]
2 x: [-0.20689701 -0.63329109  0.67719455  0.06344654 -0.31603233 -0.20368634
  0.67519602  0.41941263 -0.32972019  0.88944724  0.63351948  0.24129992
  0.50524713 -0.95730794 -0.55134907 -0.67183228]
3 x: [-0.18089583 -0.62340496  0.68126214  0.06676844 -0.28554557 -0.20029664
  0.68721518  0.43353123 -0.32095089  0.91606641  0.648087    0.26551718
  0.52903595 -0.92476966 -0.54514178 -0.67169606]
Agent reg error:  0.009610589451325039
Agent error:  0.011787921569902304
Error:  0.09122785148157661

0 x: [-0.26110469 -0.69533272  0.65435515 -0.01490526 -0.34836139 -0.17821745
  0.72864671  0.45325867 -0.30811115  0.89457847  0.68624252  0.25511546
  0.53589775 -0.95807978 -0.65600776 -0.7264553 ]
1 x: [-0.23639553 -0.69026791  0.67032762 -0.00464154 -0.33926103 -0.16824978
  0.74188525  0.46442613 -0.30524647  0.90596142  0.7070512   0.26979265
  0.54371988 -0.94686981 -0.6490455  -0.70890923]
2 x: [-0.254557   -0.68168941  0.67659269 -0.00261645 -0.34712382 -0.16025287
  0.73528956  0.46268343 -0.30820041  0.8976259   0.70288627  0.25724477
  0.53515161 -0.96154115 -0.65232171 -0.70972533]
3 x: [-2.30892779e-01 -6.72741987e-01  6.80199683e-01  3.37009344e-04
 -3.19322564e-01 -1.57218796e-01  7.46233055e-01  4.75557309e-01
 -3.00318914e-01  9.21870829e-01  7.16074469e-01  2.79271613e-01
  5.56701089e-01 -9.31867431e-01 -6.46682821e-01 -7.09814237e-01]
Agent reg error:  0.008188537721910425
Agent error:  0.010013084751476121
Error:  0.07815241806838963

0 x: [-0.30396664 -0.73848394  0.65421178 -0.07631917 -0.37558042 -0.13609683
  0.78319646  0.49154135 -0.28504922  0.89996786  0.75186824  0.26844958
  0.56246168 -0.96145648 -0.74949265 -0.75944025]
1 x: [-0.28120103 -0.73367225  0.66906793 -0.06677958 -0.3671213  -0.12678421
  0.79544948  0.50191339 -0.28229634  0.91062205  0.77110791  0.2820411
  0.56978846 -0.95103592 -0.74299345 -0.74320802]
2 x: [-0.29778463 -0.72576528  0.6748431  -0.06487113 -0.37428491 -0.11942586
  0.78941549  0.50034817 -0.28497588  0.90300402  0.76736415  0.27058936
  0.56203044 -0.9644493  -0.74600307 -0.74386419]
3 x: [-0.27610433 -0.71758944  0.67810709 -0.06219556 -0.34878993 -0.1166682
  0.79944354  0.51215352 -0.27779805  0.92522466  0.77941627  0.29076439
  0.58172953 -0.93723686 -0.74084147 -0.74403841]
Agent reg error:  0.006966164364567974
Agent error:  0.008506065838570824
Error:  0.06665551035212552

0 x: [-0.343079   -0.77793866  0.65364777 -0.1334377  -0.39992939 -0.09687248
  0.83298656  0.52593982 -0.26224392  0.90413456  0.81267639  0.28024987
  0.58679813 -0.96403504 -0.83586139 -0.78941983]
1 x: [-0.32210148 -0.77344211  0.6673975  -0.12461145 -0.3921025  -0.08823562
  0.84430125  0.53553302 -0.25965823  0.91402384  0.83043419  0.29280363
  0.59360131 -0.95439306 -0.8298361  -0.77443398]
2 x: [-0.33731823 -0.76615493  0.67272027 -0.12283461 -0.39866886 -0.08145945
  0.83875969  0.53410814 -0.2621093   0.90703068  0.8270247   0.28229817
  0.58651114 -0.96670826 -0.83260559 -0.77499727]
3 x: [-0.31739335 -0.7586503   0.67570253 -0.12038878 -0.37522745 -0.0789346
  0.84797666  0.54496232 -0.25553115  0.9274558   0.83808782  0.30083757
  0.60459633 -0.94168765 -0.82786389 -0.77519757]
Agent reg error:  0.00592118790588545
Agent error:  0.007225199378389707
Error:  0.05672423820732113

0 x: [-0.37895602 -0.81416414  0.65294263 -0.18630106 -0.42205142 -0.06054971
  0.878665    0.55726108 -0.24055837  0.90762999  0.86885756  0.29091311
  0.60916434 -0.96618278 -0.91554893 -0.81686942]
1 x: [-0.35962489 -0.80999342  0.66563928 -0.17815204 -0.41482494 -0.0525667
  0.88910203  0.56611681 -0.23815447  0.91677412  0.88523428  0.30249445
  0.61545596 -0.95728034 -0.90998077 -0.80304742]
2 x: [-0.37361968 -0.80327764  0.67054481 -0.17650679 -0.42086106 -0.0463242
  0.88400337  0.56481126 -0.24040544  0.91034122  0.8821097   0.29283363
  0.60894741 -0.96860979 -0.9125313  -0.80354868]
3 x: [-0.35528119 -0.79637449  0.67328211 -0.17426133 -0.39928137 -0.04400448
  0.89248688  0.57480328 -0.234359    0.92914171  0.89228631  0.30989607
  0.62558454 -0.94557629 -0.90816797 -0.80375038]
Agent reg error:  0.005030802699584493
Agent error:  0.00613678127977492
Error:  0.048221309359862824

0 x: [-0.4119437  -0.84748716  0.65221313 -0.23511045 -0.44229975 -0.02700377
  0.920668    0.58595979 -0.22028744  0.91070265  0.92068878  0.30064778
  0.62974799 -0.96806365 -0.98901946 -0.84208705]
1 x: [-0.39412904 -0.84363196  0.663925   -0.22759402 -0.43563419 -0.01963667
  0.93029075  0.59412746 -0.21806301  0.9191428   0.93578624  0.31132612
  0.63555571 -0.95985216 -0.9838813  -0.82934404]
2 x: [-0.40701405 -0.83744278  0.66844591 -0.22607445 -0.4411904  -0.01388466
  0.92559549  0.59292756 -0.22013407  0.91321945  0.93291423  0.30243183
  0.62956855 -0.97028458 -0.98623107 -0.8297983 ]
3 x: [-0.39012389 -0.83108654  0.6709638  -0.22400877 -0.42131302 -0.01174992
  0.93340916  0.60213131 -0.2145686   0.93053582  0.94228466  0.31814635
  0.64488821 -0.94906807 -0.98221271 -0.82999155]
Agent reg error:  0.004273491459631901
Agent error:  0.005212209281513277
Error:  0.04097298298747813

[-0.40080267 -0.83991211  0.66388696 -0.22819692 -0.43510934 -0.01806875
  0.92749085  0.59378653 -0.21826328  0.91840018  0.93291848  0.30813802
  0.63494012 -0.96181712 -0.98533613 -0.83280524]
