Graph matrix adjacency:
[[False  True  True  True  True  True  True  True]
 [ True False False False False False False False]
 [ True False False False False False False False]
 [ True False False False False False False False]
 [ True False False False False False False False]
 [ True False False False False False False False]
 [ True False False False False False False False]
 [ True False False False False False False False]]

Penalty distributed algo
0 x: [0. 0. 0. 0. 0. 0. 0. 0. 0. 0. 0. 0. 0. 0. 0. 0.]
1 x: [0. 0. 0. 0. 0. 0. 0. 0. 0. 0. 0. 0. 0. 0. 0. 0.]
2 x: [0. 0. 0. 0. 0. 0. 0. 0. 0. 0. 0. 0. 0. 0. 0. 0.]
3 x: [0. 0. 0. 0. 0. 0. 0. 0. 0. 0. 0. 0. 0. 0. 0. 0.]
4 x: [0. 0. 0. 0. 0. 0. 0. 0. 0. 0. 0. 0. 0. 0. 0. 0.]
5 x: [0. 0. 0. 0. 0. 0. 0. 0. 0. 0. 0. 0. 0. 0. 0. 0.]
6 x: [0. 0. 0. 0. 0. 0. 0. 0. 0. 0. 0. 0. 0. 0. 0. 0.]
7 x: [0. 0. 0. 0. 0. 0. 0. 0. 0. 0. 0. 0. 0. 0. 0. 0.]
Agent reg error:  0.0
Agent sum error:  7.166601657375676
Error after aggregation:  7.166601657375676

0 x: [0.00112478 0.00251052 0.00197181 0.00152628 0.00114385 0.00048625
 0.00051543 0.00213175 0.00176035 0.00241874 0.0003165  0.00253182
 0.00238327 0.00046223 0.00118617 0.00058077]
1 x: [1.80421551e-04 1.11777261e-03 1.28938032e-03 1.07232126e-03
 5.29891389e-04 2.85270528e-04 8.96313007e-04 6.80996703e-04
 1.56337300e-04 6.02652112e-04 4.79971799e-05 1.09996543e-03
 3.70581431e-04 8.08093952e-04 5.16456372e-04 6.62277244e-04]
2 x: [0.00205459 0.00190172 0.00082855 0.00111257 0.00070748 0.00185778
 0.00239457 0.00150686 0.00176357 0.00193807 0.00110625 0.00230899
 0.00245511 0.00120247 0.00196752 0.00112029]
3 x: [0.00111023 0.00095753 0.00066375 0.00093364 0.00084194 0.00037171
 0.00101335 0.0007016  0.00109131 0.00099879 0.00044464 0.00032577
 0.00030039 0.00046433 0.00092918 0.00093745]
4 x: [0.0004342  0.00095088 0.00163554 0.00113448 0.0002866  0.00100525
 0.0030002  0.00092206 0.00112501 0.00195876 0.00209836 0.00206384
 0.00268464 0.00157018 0.00122461 0.00160684]
5 x: [0.00148345 0.00142481 0.00219924 0.0009401  0.00060505 0.00132386
 0.00174634 0.00149265 0.00041924 0.00175098 0.00209272 0.00080316
 0.00145802 0.00065554 0.0010302  0.00150363]
6 x: [0.00065036 0.00054961 0.00056596 0.00065735 0.00090477 0.00077669
 0.00105598 0.00070003 0.00065268 0.00049882 0.00049766 0.00114469
 0.00082215 0.00034031 0.00012796 0.00069296]
7 x: [0.00195305 0.00194053 0.00305732 0.00123606 0.00146902 0.00252572
 0.00198033 0.00237983 0.00249513 0.00217932 0.00079312 0.0017934
 0.00183353 0.00055285 0.00131946 0.00118884]
Agent reg error:  0.0005851878248202932
Agent sum error:  6.91806554540849
Error after aggregation:  6.969786434749669

Iteration 0
0 x: [0.05309946 0.07105826 0.07507566 0.05244861 0.03883537 0.04952063
 0.07865803 0.06195957 0.05740116 0.07610574 0.04540392 0.07507735
 0.07532262 0.03913681 0.05185175 0.05140699]
1 x: [0.00354994 0.0677409  0.05885592 0.04858406 0.01232947 0.00046594
 0.04508705 0.0243956  0.01389824 0.03889619 0.00671666 0.06384256
 0.0210935  0.04358794 0.01557225 0.03475281]
2 x: [0.09784844 0.08837741 0.04552947 0.04401004 0.036744   0.07486851
 0.10705495 0.07514067 0.09000057 0.08558326 0.04404156 0.10455374
 0.11063566 0.05957727 0.09209789 0.05639035]
3 x: [0.04897163 0.04590612 0.03746543 0.04559531 0.0407499  0.01539804
 0.04917877 0.03306738 0.04507327 0.04999207 0.02012088 0.0159403
 0.02008639 0.02360691 0.04328182 0.04456425]
4 x: [0.02437959 0.05279906 0.08034018 0.05526909 0.01775134 0.05022788
 0.1408872  0.04887968 0.05823838 0.09659983 0.09482534 0.10330558
 0.12878355 0.07137151 0.06117398 0.07477819]
5 x: [0.0703915  0.07499256 0.10544372 0.05201561 0.02996377 0.07114388
 0.08218553 0.0693063  0.02421907 0.08758762 0.09791747 0.04108996
 0.07477942 0.03371794 0.05701669 0.06743143]
6 x: [0.03120235 0.02994285 0.03081445 0.03166143 0.03941547 0.03536585
 0.04905833 0.03465753 0.03208725 0.02863524 0.02413985 0.05318214
 0.04086036 0.01745374 0.01109595 0.03230398]
7 x: [0.07063083 0.07237527 0.12104591 0.05174224 0.06726383 0.09464868
 0.08454814 0.08984675 0.09405118 0.08516709 0.03294146 0.0781694
 0.07036511 0.02154308 0.05908693 0.04525318]
Agent reg error:  0.11144292643096838
Agent sum error:  0.6879212590831226
Error after aggregation:  1.457084438646625

Iteration 100
0 x: [0.05962999 0.08452113 0.08833619 0.06009034 0.04386995 0.05451798
 0.09486402 0.06829157 0.06661499 0.08916079 0.05315889 0.08802548
 0.08706499 0.04861156 0.06215623 0.06104521]
1 x: [-0.00041322  0.09486372  0.0661223   0.05360876  0.00025538 -0.01276817
  0.05764112  0.01937263  0.0241861   0.0573016   0.01446995  0.08704013
  0.0293008   0.05719429  0.00925548  0.04522341]
2 x: [0.11587117 0.10301736 0.06190942 0.04377136 0.04701269 0.07539037
 0.12208002 0.09230353 0.11280647 0.09534285 0.04486286 0.11869669
 0.12485588 0.07401615 0.10794177 0.07136253]
3 x: [0.05230459 0.05381781 0.05126518 0.05432652 0.04796602 0.01577563
 0.0605188  0.03748037 0.04403181 0.06118345 0.02326345 0.0193736
 0.03059115 0.03039287 0.04973831 0.05273435]
4 x: [0.03317324 0.06997263 0.09629385 0.06548134 0.02548652 0.06130266
 0.16200208 0.06186375 0.07270006 0.11540007 0.10436255 0.12477547
 0.14927014 0.07945517 0.07453682 0.08540298]
5 x: [0.08020974 0.09419276 0.12157309 0.06805107 0.03568065 0.09108322
 0.09497779 0.07651564 0.03318206 0.10510845 0.11031015 0.05083712
 0.09181755 0.04267117 0.07514342 0.07312386]
6 x: [0.03659864 0.03930042 0.04059222 0.03658878 0.04042438 0.03923507
 0.05692003 0.04093845 0.03816773 0.03879538 0.02906835 0.05923112
 0.04888677 0.02246289 0.01971588 0.0373533 ]
7 x: [0.07123553 0.07604273 0.133367   0.06051106 0.08297196 0.09848888
 0.10205096 0.09386877 0.09843312 0.09341423 0.03962799 0.09424732
 0.07622367 0.02530497 0.07306715 0.04971167]
Agent reg error:  0.13260868218324334
Agent sum error:  0.418250435172431
Error after aggregation:  1.1309323918004175

Iteration 200
0 x: [0.05936321 0.09051303 0.09258961 0.06144303 0.04419189 0.05241989
 0.09876286 0.06794616 0.06944564 0.09376893 0.05374964 0.0925483
 0.09039534 0.05222747 0.0658749  0.06296914]
1 x: [-0.00317406  0.10986111  0.0655345   0.05171733 -0.010906   -0.02328365
  0.06370156  0.01266036  0.03248364  0.06929415  0.02110263  0.09918203
  0.03521153  0.06343287  0.00333076  0.05016464]
2 x: [0.11954616 0.10692445 0.07213826 0.04019517 0.05175903 0.06796506
 0.12401621 0.09828006 0.12178025 0.09575015 0.04178455 0.12015797
 0.12540885 0.0798712  0.11134679 0.07808941]
3 x: [0.04871788 0.05609533 0.05983024 0.05640341 0.0490601  0.01401931
 0.06514444 0.03726551 0.03763857 0.06564375 0.02376801 0.02175391
 0.0385373  0.03415013 0.05048624 0.05453862]
4 x: [0.03842138 0.07962582 0.1012576  0.06805715 0.03043518 0.06446268
 0.16313625 0.06735672 0.07854183 0.12048761 0.10092429 0.13099306
 0.15117294 0.07831769 0.07916806 0.0858617 ]
5 x: [0.07960182 0.10231752 0.12259919 0.07555733 0.03714904 0.09848478
 0.09653126 0.07402859 0.03900461 0.10990059 0.10800534 0.05563146
 0.09776443 0.04693792 0.08411111 0.06984605]
6 x: [0.03762222 0.04520831 0.0461646  0.03682837 0.03577921 0.03775323
 0.05808676 0.04216388 0.0399932  0.04491438 0.03018132 0.05815117
 0.05123286 0.02510978 0.0270426  0.03798158]
7 x: [0.06685872 0.07548305 0.13451383 0.06417395 0.08966127 0.09382562
 0.11059101 0.0904536  0.09535662 0.0949578  0.04319958 0.10217368
 0.0771134  0.02812725 0.08032784 0.05095028]
Agent reg error:  0.13433270361166222
Agent sum error:  0.36358049389399877
Error after aggregation:  1.069009456078861

Iteration 300
0 x: [0.05817242 0.09481892 0.09509167 0.0616763  0.04364474 0.04955533
 0.10038556 0.06667016 0.0710227  0.09674993 0.05326813 0.09526774
 0.0922998  0.05454585 0.06825366 0.06351343]
1 x: [-0.004432    0.1193191   0.06391746  0.04875762 -0.01893944 -0.03042751
  0.06766026  0.0074862   0.03934107  0.07808534  0.02647711  0.1065697
  0.04037178  0.06683221 -0.00017716  0.05303865]
2 x: [0.11961418 0.10933125 0.08004928 0.03790287 0.05457696 0.061176
 0.12419281 0.10093577 0.12637921 0.09582702 0.03947595 0.12013697
 0.12433484 0.08326764 0.11227499 0.08215357]
3 x: [0.04437953 0.05777126 0.06644107 0.05690918 0.04867969 0.01205748
 0.06811262 0.03627308 0.03187428 0.06865163 0.02382354 0.02444157
 0.04521385 0.03710398 0.05046448 0.05493142]
4 x: [0.04234077 0.08692943 0.10427238 0.06929713 0.03406355 0.06540489
 0.16116883 0.07058102 0.08209982 0.12294025 0.0963646  0.13373258
 0.14993213 0.07665066 0.08188541 0.08506024]
5 x: [0.07737213 0.10770174 0.12147523 0.08010812 0.03780998 0.10146535
 0.09666415 0.07066992 0.04384771 0.11225052 0.10350647 0.05975525
 0.10117099 0.05009677 0.08996467 0.06622838]
6 x: [0.03785238 0.05044419 0.05048052 0.03614733 0.03080566 0.03535527
 0.05820695 0.04232797 0.04115864 0.04964546 0.03021879 0.05643738
 0.05251276 0.02710753 0.03340231 0.03792346]
7 x: [0.06303005 0.07590058 0.13420751 0.06655421 0.0929393  0.08854868
 0.1163522  0.08683715 0.09238295 0.09618404 0.04580204 0.10775612
 0.07810403 0.03107813 0.08532846 0.05205442]
Agent reg error:  0.13293725041191792
Agent sum error:  0.3353657121632178
Error after aggregation:  1.0386999956966392

Iteration 400
0 x: [0.05691008 0.09848934 0.09706932 0.0616213  0.04286379 0.04675539
 0.10141571 0.06529413 0.07220273 0.09923915 0.05265855 0.09736076
 0.09388455 0.05641558 0.0702116  0.06373244]
1 x: [-0.00476904  0.12564818  0.06238441  0.04576449 -0.02456791 -0.03526442
  0.0705226   0.00368649  0.04505395  0.08485812  0.03077264  0.11130088
  0.04500018  0.06878607 -0.00182918  0.05479695]
2 x: [0.11836028 0.11159159 0.08654287 0.03677861 0.05634086 0.05561915
 0.12421348 0.10205587 0.12897717 0.09648116 0.03803396 0.12017454
 0.1233611  0.08560306 0.11256721 0.08487648]
3 x: [0.04026873 0.05955668 0.07187047 0.05684502 0.04776091 0.01011449
 0.07036573 0.03511822 0.02732105 0.07116359 0.02375885 0.02735189
 0.05095434 0.0396669  0.05046172 0.05485783]
4 x: [0.04541569 0.09301655 0.10684883 0.07023281 0.03678195 0.06534889
 0.15896736 0.07266887 0.08467831 0.12475764 0.0924383  0.13530957
 0.14829768 0.07562542 0.08397775 0.08436127]
5 x: [0.07503735 0.11207926 0.12038381 0.08315151 0.03821231 0.10227555
 0.09686003 0.0677026  0.04808353 0.11406274 0.09905147 0.06371529
 0.10373592 0.05282252 0.0942854  0.06337953]
6 x: [0.0378865  0.05540633 0.05412554 0.0352338  0.02629697 0.03282201
 0.05820145 0.04214694 0.04222402 0.05358644 0.02978721 0.05505102
 0.05354454 0.02879169 0.03895002 0.03778344]
7 x: [0.05993728 0.07726153 0.13369774 0.06824867 0.09436326 0.08350268
 0.1205551  0.08361231 0.09007569 0.0975961  0.04776857 0.11207564
 0.07941517 0.03404101 0.08909007 0.05315384]
Agent reg error:  0.13089567132094967
Agent sum error:  0.31634967049708734
Error after aggregation:  1.016785414726109

Iteration 500
0 x: [0.05567806 0.10179177 0.09878195 0.06142602 0.04197616 0.04407388
 0.10217884 0.06391739 0.07317442 0.10146393 0.05204332 0.09910312
 0.09533087 0.05804453 0.07195676 0.06381943]
1 x: [-0.00464255  0.13007802  0.06111566  0.04295116 -0.0285785  -0.03867605
  0.07265955  0.00081857  0.04983375  0.09024202  0.03417952  0.11439653
  0.0491443   0.06992954 -0.00226067  0.05585198]
2 x: [0.11651014 0.11387722 0.09198481 0.03633608 0.0573984  0.05096399
 0.12425882 0.10227543 0.13048531 0.09757735 0.03712572 0.12040358
 0.12267684 0.08736566 0.1126818  0.0867586 ]
3 x: [0.03651411 0.06149665 0.07642346 0.05648569 0.04657231 0.00817533
 0.07214956 0.03389804 0.02379964 0.07340141 0.02361732 0.03029562
 0.0559212  0.04194956 0.05059185 0.05456306]
4 x: [0.04781504 0.09825791 0.10921895 0.07100829 0.03878475 0.06466305
 0.15697688 0.07397982 0.08664859 0.12633589 0.08923284 0.13630861
 0.14677583 0.07521611 0.08574403 0.08387969]
5 x: [0.07282665 0.11591355 0.11961681 0.08523808 0.03842531 0.10181671
 0.09721819 0.06515291 0.05179325 0.11571217 0.09501482 0.0674639
 0.10587096 0.05526594 0.09767474 0.06121895]
6 x: [0.03782465 0.06013066 0.0572736  0.03423829 0.02230406 0.03029995
 0.05820781 0.04177375 0.04325773 0.05695133 0.02908672 0.05405885
 0.05449238 0.03025889 0.0438031  0.03764979]
7 x: [0.05735975 0.07920752 0.13323556 0.06945961 0.094693   0.0787682
 0.12371644 0.08073031 0.08832938 0.09914638 0.04923661 0.11555574
 0.080894   0.03689265 0.09207348 0.05417143]
Agent reg error:  0.12866308265846832
Agent sum error:  0.3020861499375696
Error after aggregation:  0.9990202305939974

Iteration 600
0 x: [0.05447371 0.10483615 0.10031434 0.06112845 0.04102108 0.04147653
 0.10276571 0.06253862 0.07400413 0.10349469 0.05142477 0.1005987
 0.09667463 0.05951094 0.07356337 0.06382109]
1 x: [-0.00433144  0.13332881  0.06012622  0.04036489 -0.03152063 -0.04123536
  0.07427476 -0.00144664  0.05384648  0.09463056  0.03685766  0.11644979
  0.0528428   0.07061382 -0.00191311  0.05643877]
2 x: [0.11439049 0.11619045 0.09659944 0.03623571 0.05794642 0.04690861
 0.12432178 0.1019176  0.13136554 0.09893332 0.03650389 0.12077878
 0.12225527 0.0887915  0.11278139 0.08806755]
3 x: [0.03310364 0.06355128 0.08028644 0.0559473  0.04523215 0.00621166
 0.07357521 0.03263031 0.0210854  0.07544615 0.02340443 0.03314698
 0.06023472 0.04400587 0.05085899 0.05414559]
4 x: [0.04964484 0.10285047 0.11141396 0.07163406 0.04020628 0.06352448
 0.15523361 0.0746997  0.08818179 0.12777778 0.08660816 0.13695578
 0.14546172 0.07526269 0.08729221 0.08355709]
5 x: [0.07075375 0.11938872 0.11915691 0.08666056 0.03845672 0.10056768
 0.09766166 0.06290258 0.05502484 0.11728662 0.09142695 0.07093012
 0.10772334 0.05748183 0.10044796 0.0595546 ]
6 x: [0.03768759 0.06461573 0.06001831 0.03320825 0.01876778 0.02782062
 0.0582391  0.04125987 0.0442586  0.0598632  0.02821692 0.05340127
 0.05540087 0.03155808 0.04806386 0.03752975]
7 x: [0.05512295 0.08148165 0.13289943 0.07030431 0.09437185 0.0743304
 0.12614555 0.07810774 0.08701245 0.10076485 0.05030218 0.11844115
 0.08242258 0.03956932 0.09454943 0.05505783]
Agent reg error:  0.12641635618949962
Agent sum error:  0.29074816492624866
Error after aggregation:  0.983958482540029

Iteration 700
0 x: [0.05328653 0.10768563 0.10171038 0.06074731 0.04001876 0.03893481
 0.10321908 0.06114956 0.07472726 0.10536848 0.05079476 0.10190574
 0.09792975 0.0608565  0.07507122 0.06375644]
1 x: [-0.00399179  0.13584043  0.05939629  0.03800725 -0.0337516  -0.04329472
  0.07550135 -0.00332289  0.05722581  0.0982849   0.03893712  0.11782598
  0.05614023  0.07104438 -0.00106977  0.05670548]
2 x: [0.11217271 0.11851521 0.1005485  0.03627841 0.05811425 0.04325578
 0.12438336 0.10117492 0.13187812 0.10042601 0.03602127 0.12125054
 0.12204952 0.09001137 0.11293564 0.08896895]
3 x: [0.03000271 0.0656818  0.08359525 0.05529422 0.04380718 0.00420862
 0.07471577 0.03132219 0.01899922 0.07734176 0.02312398 0.03583891
 0.06399515 0.04587377 0.05124979 0.05365838]
4 x: [0.05099207 0.10692988 0.11344198 0.07210977 0.0411523  0.06204746
 0.15371042 0.07495545 0.08938638 0.12912436 0.08442772 0.13737443
 0.14436575 0.07563064 0.08868261 0.08333292]
5 x: [0.06880237 0.12260496 0.11894952 0.08760276 0.03831599 0.09881752
 0.09812425 0.0608541  0.05782809 0.11881366 0.08825207 0.07408231
 0.1093701  0.05950454 0.10279818 0.05823716]
6 x: [0.03748481 0.06886672 0.06242933 0.03216525 0.01562151 0.02539175
 0.05829114 0.04063447 0.04522096 0.06240997 0.02723874 0.05301351
 0.0562878  0.03272333 0.05182245 0.03741985]
7 x: [0.05311446 0.08392393 0.13271504 0.07086351 0.09366815 0.0701611
 0.12804526 0.07568203 0.0860243  0.1024039  0.0510402  0.12089001
 0.08393266 0.04204726 0.09668765 0.05579461]
Agent reg error:  0.12425277611714047
Agent sum error:  0.2813940521728394
Error after aggregation:  0.9708218215202143

Iteration 800
0 x: [0.0521102  0.11038188 0.10299902 0.06029654 0.03898296 0.0364326
 0.10356716 0.05974626 0.07536694 0.10711111 0.05014889 0.10306326
 0.09910688 0.06210733 0.07650616 0.06363757]
1 x: [-3.70462908e-03  1.37884897e-01  5.88975247e-02  3.58631038e-02
 -3.55015074e-02 -4.50663990e-02  7.64321302e-02 -4.94530497e-03
  6.00804560e-02  1.01383811e-01  4.05235909e-02  1.18754749e-01
  5.90834815e-02  7.13420856e-02  9.03034510e-05  5.67490606e-02]
2 x: [0.10994943 0.12083782 0.1039554  0.03635479 0.05799226 0.03988369
 0.12443224 0.10016922 0.13217425 0.10198078 0.03559604 0.12178313
 0.12201891 0.09110079 0.11317358 0.08957161]
3 x: [0.02717502 0.06785945 0.08645442 0.05456596 0.04233844 0.00216273
 0.07562613 0.0299801  0.01740593 0.07911691 0.02278181 0.03834261
 0.06728776 0.04758301 0.05174897 0.05313302]
4 x: [0.05193227 0.11059771 0.11531328 0.07244042 0.04170893 0.06031467
 0.15237489 0.07484271 0.09033959 0.13039846 0.082586   0.13764209
 0.1434763  0.07622267 0.08995651 0.0831646 ]
5 x: [0.06695598 0.12562539 0.11894555 0.08818814 0.03801885 0.09674908
 0.09856679 0.05894242 0.06025446 0.12030449 0.08544231 0.07691965
 0.11086045 0.06136132 0.10485098 0.05716434]
6 x: [0.03722484 0.07289651 0.06456324 0.03112093 0.01280638 0.02301486
 0.05835897 0.03991898 0.0461424  0.06465884 0.02619212 0.05284147
 0.05716212 0.03378046 0.05515736 0.03731651]
7 x: [0.05126415 0.08643812 0.13268449 0.07119596 0.09274517 0.06623155
 0.12955314 0.07340947 0.08529123 0.10403441 0.05151065 0.12300867
 0.08538899 0.04432523 0.09859683 0.05638193]
Agent reg error:  0.12221962645197579
Agent sum error:  0.27346661933863964
Error after aggregation:  0.9591084603051518

Iteration 900
0 x: [0.05095391 0.11292877 0.10418957 0.05979294 0.03793467 0.03398684
 0.10382876 0.05834275 0.07593418 0.10872644 0.04949307 0.10408941
 0.100205   0.06326965 0.07787268 0.06347561]
1 x: [-0.00350841  0.13961486  0.05860224  0.03392945 -0.03690654 -0.04666075
  0.07712796 -0.00638523  0.0624771   0.10402789  0.04169345  0.11937695
  0.06169313  0.07157482  0.0014396   0.05663604]
2 x: [0.10779089 0.12312552 0.10688925 0.03640785 0.05765041 0.0367481
 0.12446335 0.09899267 0.13234115 0.10353801 0.03518902 0.12234637
 0.12212888 0.09209412 0.11350012 0.08994671]
3 x: [2.46116128e-02 7.00415592e-02 8.89227821e-02 5.37955327e-02
 4.08665802e-02 9.84760153e-05 7.63429142e-02 2.86243218e-02
 1.62136880e-02 8.07753295e-02 2.23892771e-02 4.06297031e-02
 7.01578682e-02 4.91424240e-02 5.23358058e-02 5.25942609e-02]
4 x: [0.05252678 0.11390001 0.11702475 0.07263447 0.04194584 0.05840856
 0.15120928 0.0744412  0.0910916  0.13160273 0.08101933 0.13780813
 0.14278065 0.07696212 0.09113239 0.08302591]
5 x: [0.06521848 0.12846412 0.11910318 0.08850046 0.03758935 0.09450372
 0.09896579 0.05714384 0.06233419 0.12174973 0.08297346 0.07943504
 0.11221535 0.06305849 0.10667275 0.05627564]
6 x: [0.03691955 0.07668488 0.06644871 0.03009215 0.01029651 0.02071247
 0.058438   0.03913871 0.04701463 0.06664337 0.02511489 0.05284081
 0.05802008 0.03474007 0.05810799 0.03721807]
7 x: [0.04954529 0.08894231 0.13279653 0.07134505 0.0917128  0.0625513
 0.13075384 0.07128027 0.08476309 0.10562343 0.05176047 0.124853
 0.08676251 0.04639373 0.10033071 0.05682576]
Agent reg error:  0.12034959388478023
Agent sum error:  0.2666696617063032
Error after aggregation:  0.9485776857005751

Result
[0.04800726 0.10671275 0.09924713 0.05581224 0.0351362  0.03254359
 0.10264124 0.05269732 0.0715212  0.10283587 0.04870412 0.09767243
 0.09424543 0.06215443 0.075174   0.06199975]
