
Simple distributed algo
0 x: [0. 0. 0. 0. 0. 0. 0. 0. 0. 0. 0. 0. 0. 0. 0. 0.]
1 x: [0. 0. 0. 0. 0. 0. 0. 0. 0. 0. 0. 0. 0. 0. 0. 0.]
2 x: [0. 0. 0. 0. 0. 0. 0. 0. 0. 0. 0. 0. 0. 0. 0. 0.]
3 x: [0. 0. 0. 0. 0. 0. 0. 0. 0. 0. 0. 0. 0. 0. 0. 0.]
Agent reg error:  0
Agent error:  6.2868473917945416
Error:  6.2868473917945416

0 x: [0.03519465 0.02763625 0.02229278 0.01679371 0.02392068 0.03034059
 0.02842226 0.02586026 0.0304462  0.03083979 0.02582914 0.01891127
 0.02355036 0.02836764 0.02489399 0.02069335]
1 x: [0.02913548 0.01690616 0.0199983  0.01176819 0.02607494 0.01902189
 0.02587418 0.01877424 0.02054201 0.02230283 0.01729516 0.02072022
 0.01689509 0.02569516 0.01972665 0.01686965]
2 x: [0.0281463  0.01993403 0.01748591 0.01556957 0.02131551 0.01802635
 0.02107287 0.02500212 0.02615152 0.02508892 0.01995716 0.01467267
 0.0237108  0.0214433  0.02457201 0.01947604]
3 x: [0.02820142 0.01589638 0.02187116 0.01128602 0.02151044 0.01950658
 0.02177444 0.01612592 0.02220074 0.0232468  0.01650505 0.01407388
 0.01652308 0.0222162  0.01929087 0.01695393]
Agent reg error:  0
Agent error:  3.524165058935488
Error:  3.696312018079347

0 x: [-0.12823995 -0.27914055 -0.20461072 -0.73496869 -1.24066303  0.2213018
  0.84221222 -0.15781729 -0.22537979  0.21817571  0.07948634 -0.13389942
  0.75783613  1.05763758  0.92025543  0.05219458]
1 x: [-0.12836875 -0.27923988 -0.20382821 -0.73440735 -1.24020885  0.22131464
  0.84385901 -0.15750016 -0.22501426  0.21882153  0.07986513 -0.13330225
  0.75715652  1.05788792  0.92093846  0.05152029]
2 x: [-0.12907118 -0.27951962 -0.20510188 -0.73523463 -1.24108111  0.22111413
  0.84192114 -0.15807787 -0.22536442  0.21878954  0.07853191 -0.13399157
  0.75741386  1.05728259  0.91986753  0.05064951]
3 x: [-0.12805113 -0.2789737  -0.20415344 -0.73436557 -1.24020003  0.22203346
  0.842805   -0.15751208 -0.2242426   0.21879607  0.07953508 -0.1334173
  0.75783495  1.05761743  0.92129285  0.05214871]
Agent reg error:  0
Agent error:  0.04916646152369264
Error:  0.05158537606004849

0 x: [-0.43645788 -0.23079582 -0.32486523 -1.15441291 -1.38343928  0.21232797
  1.01095903 -0.29537666 -0.26720886  0.27845902  0.05306454 -0.18086928
  0.80355991  1.3669135   1.31972925  0.19894795]
1 x: [-0.43681126 -0.23096719 -0.3244558  -1.15402095 -1.38338813  0.21218165
  1.01181214 -0.29530777 -0.26701366  0.27874109  0.05317482 -0.18077795
  0.80297484  1.36685775  1.32014652  0.19828238]
2 x: [-0.43714885 -0.23111883 -0.32523966 -1.15443571 -1.38356796  0.21227126
  1.01088001 -0.29561622 -0.2671898   0.2788386   0.05234806 -0.1811094
  0.80325676  1.36670258  1.31948961  0.19781425]
3 x: [-0.43593027 -0.23039751 -0.32415965 -1.15388117 -1.38273251  0.21293541
  1.01167157 -0.29510865 -0.26608099  0.27913868  0.05321613 -0.18031356
  0.80367493  1.36715637  1.32075465  0.19899474]
Agent reg error:  0
Agent error:  0.02230299099502632
Error:  0.02396895089899816

0 x: [-0.71300064 -0.17590481 -0.35601193 -1.42535269 -1.37488441  0.20309919
  1.03263768 -0.38543849 -0.26883588  0.35193168  0.12077826 -0.21169218
  0.80427765  1.53885506  1.51949122  0.29906472]
1 x: [-0.71333024 -0.17605777 -0.35574737 -1.4250646  -1.37491739  0.2029505
  1.03318588 -0.38542831 -0.26870829  0.35209417  0.12081838 -0.21171155
  0.80381842  1.53875289  1.51978208  0.29852394]
2 x: [-0.7135377  -0.1761576  -0.35629542 -1.42532612 -1.37493554  0.20307733
  1.03261266 -0.38562972 -0.26881954  0.35219769  0.12023849 -0.21191533
  0.8040528   1.53870994  1.5193235   0.29821707]
3 x: [-0.71250773 -0.17553721 -0.35539074 -1.42493251 -1.3742631   0.20357132
  1.03324067 -0.38522689 -0.26791826  0.35249666  0.12092092 -0.2112256
  0.80439303  1.53910182  1.5203248   0.29912008]
Agent reg error:  0
Agent error:  0.012306321387312327
Error:  0.013394844754198066

0 x: [-0.93252166 -0.12996379 -0.36487816 -1.61863547 -1.33985327  0.19552213
  1.02304001 -0.45004908 -0.26270359  0.41427078  0.19342902 -0.23381232
  0.79652775  1.6535216   1.64527244  0.37201916]
1 x: [-0.93278589 -0.13008504 -0.3646894  -1.61841993 -1.33989576  0.1954005
  1.02343028 -0.45005168 -0.26261214  0.41438103  0.19344871 -0.23384864
  0.79617679  1.65342972  1.64548606  0.37160154]
2 x: [-0.93293084 -0.1301568  -0.36509235 -1.61860466 -1.33988056  0.19551077
  1.02302962 -0.45019599 -0.26269077  0.41446653  0.19302185 -0.23399105
  0.79635901  1.65341552  1.64514907  0.37138134]
3 x: [-0.93212635 -0.12966988 -0.36438752 -1.6183137  -1.33936273  0.19588183
  1.02351115 -0.44988709 -0.26199469  0.41470998  0.19354364 -0.23344858
  0.79662186  1.65372344  1.64591627  0.37206587]
Agent reg error:  0
Agent error:  0.006976707431267996
Error:  0.007627903548387917

0 x: [-1.10086596 -0.09417975 -0.36797303 -1.76176825 -1.30639213  0.18965281
  1.00941801 -0.49798973 -0.25626674  0.46301497  0.25355756 -0.25022731
  0.78864116  1.73635863  1.73407063  0.42644306]
1 x: [-1.10106919 -0.09427269 -0.36783323 -1.76160603 -1.30642852  0.18955869
  1.00970681 -0.49799422 -0.25619891  0.46309515  0.25356982 -0.25026006
  0.78837519  1.73628566  1.73423042  0.42612553]
2 x: [-1.10117575 -0.09432597 -0.36813474 -1.76174235 -1.30640995  0.1896455
  1.00941227 -0.49810124 -0.25625695  0.46316148  0.25325029 -0.25036475
  0.78851403  1.73627942  1.73397831  0.42596212]
3 x: [-1.10056187 -0.09395386 -0.36759734 -1.76152424 -1.30601657  0.18992514
  1.00977757 -0.4978669  -0.25572766  0.46334962  0.25364578 -0.24994992
  0.78871391  1.73651481  1.73456019  0.42647953]
Agent reg error:  0
Agent error:  0.0039707907230232455
Error:  0.004347860879671917

0 x: [-1.22858316 -0.06689782 -0.36942527 -1.86912751 -1.27941118  0.18518577
  0.99756936 -0.53397205 -0.250964    0.50022241  0.30024257 -0.26254824
  0.78218794  1.79797178  1.79958673  0.46736446]
1 x: [-1.2287375  -0.06696833 -0.36932042 -1.86900518 -1.27943971  0.18511416
  0.99778592 -0.53397605 -0.25091309  0.50028218  0.30025118 -0.26257427
  0.78198693  1.7979158   1.79970698  0.46712421]
2 x: [-1.22881722 -0.06700833 -0.36954735 -1.86910732 -1.27942395  0.18518056
  0.99756553 -0.53405637 -0.25095658  0.50033269  0.30001066 -0.2626526
  0.78209204  1.7979122   1.79951724  0.46700157]
3 x: [-1.22835223 -0.06672633 -0.36914039 -1.86894306 -1.27912641  0.18539152
  0.99784172 -0.53387919 -0.25055612  0.50047577  0.30030958 -0.26233816
  0.78224328  1.79809061  1.79995713  0.46739228]
Agent reg error:  0
Agent error:  0.0022616522391381037
Error:  0.0024776218688700976

0 x: [-1.32514398 -0.04623858 -0.37030432 -1.94999585 -1.25862232  0.18180498
  0.98824109 -0.56108155 -0.24685236  0.5284086   0.33579977 -0.2718311
  0.77719412  1.84425326  1.8486676   0.49821316]
1 x: [-1.32526071 -0.04629188 -0.37022534 -1.94990355 -1.25864411  0.18175079
  0.98840421 -0.56108472 -0.24681401  0.52845353  0.33580611 -0.27185106
  0.77704233  1.84421079  1.84875828  0.49803169]
2 x: [-1.32532071 -0.04632202 -0.37039647 -1.94998045 -1.25863179  0.18180112
  0.98823833 -0.56114523 -0.24684676  0.52849177  0.33562472 -0.27191002
  0.77712175  1.84420833  1.8486152   0.49793928]
3 x: [-1.32496933 -0.04610889 -0.37008897 -1.94985656 -1.25840705  0.18196033
  0.9884469  -0.56101143 -0.24654426  0.52860003  0.33585044 -0.27167236
  0.77723599  1.84434318  1.8489474   0.49823424]
Agent reg error:  0
Agent error:  0.0012884121535519746
Error:  0.0014116682227784593

0 x: [-1.39806734 -0.03062857 -0.37091449 -2.01099436 -1.24282682  0.17925094
  0.98110556 -0.58153152 -0.24372209  0.5497086   0.36271678 -0.27883362
  0.77339459  1.87913144  1.88562277  0.52148823]
1 x: [-1.3981555  -0.03066882 -0.37085491 -2.0109247  -1.24284334  0.17921
  0.9812286  -0.58153396 -0.24369316  0.54974247  0.36272153 -0.27884877
  0.77328     1.87909933  1.88569119  0.52135122]
2 x: [-1.39820075 -0.03069156 -0.37098405 -2.0109827  -1.24283393  0.17924804
  0.98110351 -0.5815796  -0.24371786  0.54977135  0.36258466 -0.27889323
  0.77333997  1.87909755  1.88558323  0.52128151]
3 x: [-1.39793543 -0.03053062 -0.37075187 -2.01088921 -1.24266426  0.17936821
  0.98126097 -0.58147859 -0.24348947  0.54985313  0.36275506 -0.27871377
  0.77342622  1.87919937  1.88583401  0.52150416]
Agent reg error:  0
Agent error:  0.000734018932942346
Error:  0.0008042803051467835

0 x: [-1.45311951 -0.0188421  -0.37136195 -2.05702597 -1.23087882  0.1773226
  0.97569644 -0.59696414 -0.24135278  0.56579198  0.38305301 -0.2841181
  0.77051928  1.90544396  1.91349415  0.53905391]
1 x: [-1.45318607 -0.01887249 -0.37131699 -2.05697339 -1.2308913   0.17729169
  0.97578928 -0.59696598 -0.24133095  0.56581753  0.38305658 -0.28412956
  0.77043279  1.90541971  1.91354579  0.53895048]
2 x: [-1.45322021 -0.01888965 -0.37141444 -2.05701716 -1.23088417  0.17732042
  0.9756949  -0.59700043 -0.24134959  0.56583935  0.38295328 -0.2841631
  0.77047805  1.90541838  1.9134643   0.53889788]
3 x: [-1.45301993 -0.01876816 -0.37123917 -2.0569466  -1.2307561   0.17741112
  0.97581375 -0.59692418 -0.24117719  0.56590109  0.38308191 -0.28402762
  0.77054316  1.90549525  1.91365361  0.53906593]
Agent reg error:  0
Agent error:  0.00041818366989815196
Error:  0.0004582205008257486

0 x: [-1.49467164 -0.00994546 -0.37169643 -2.09176514 -1.22185497  0.17586708
  0.97160828 -0.60861092 -0.23956296  0.57793218  0.39840619 -0.28810623
  0.76834737  1.92529959  1.93452413  0.55231075]
1 x: [-1.49472188 -0.0099684  -0.3716625  -2.09172545 -1.22186439  0.17584375
  0.97167836 -0.60861232 -0.23954648  0.57795146  0.39840889 -0.28811488
  0.76828208  1.92528129  1.93456311  0.55223268]
2 x: [-1.49474765 -0.00998135 -0.37173606 -2.09175848 -1.22185901  0.17586544
  0.97160712 -0.60863832 -0.23956055  0.57796793  0.39833091 -0.2881402
  0.76831625  1.92528028  1.93450161  0.55219297]
3 x: [-1.49459647 -0.00988964 -0.37160376 -2.09170522 -1.22176233  0.1759339
  0.97169684 -0.60858076 -0.23943042  0.57801453  0.398428   -0.28803793
  0.76836539  1.92533831  1.9346445   0.55231982]
Agent reg error:  0
Agent error:  0.00023826139285319298
Error:  0.00026107391986328023

[-1.49468441 -0.00994621 -0.37167469 -2.09173857 -1.22183518  0.17587754
  0.97164765 -0.60861058 -0.2395251   0.57796652  0.3983935  -0.28809981
  0.76832777  1.92529987  1.93455834  0.55226405]
