
Simple gradient descent
Converged to 0.23696350177670047 in 10003 iterations
[ 1.23973554 -1.97041015 -1.42990952 -2.42475515  1.72647103 -0.60410415
  3.69446776  1.5276783  -1.06667506 -0.98638093 -1.07719977 -0.26616676
 -0.41135072  2.28951282 -0.16076088  0.41580725]
0.01481021886104378

Sklearn
[ 22.35518485  -3.54096569  -2.70657848   3.9333547   17.50678042
   0.37730174   9.32478501  -2.95277404  17.11950448  11.34113398
 -14.51307725 -30.46112401  -7.10329125   5.03259848 -12.09856141
  -6.36131594]
5.486146261683148e-29
