Graph matrix adjacency:
[[False  True  True  True  True  True  True  True]
 [ True False False False False False False False]
 [ True False False False False False False False]
 [ True False False False False False False False]
 [ True False False False False False False False]
 [ True False False False False False False False]
 [ True False False False False False False False]
 [ True False False False False False False False]]

Sliding
0 x: [0. 0. 0. 0. 0. 0. 0. 0. 0. 0. 0. 0. 0. 0. 0. 0.]
1 x: [0. 0. 0. 0. 0. 0. 0. 0. 0. 0. 0. 0. 0. 0. 0. 0.]
2 x: [0. 0. 0. 0. 0. 0. 0. 0. 0. 0. 0. 0. 0. 0. 0. 0.]
3 x: [0. 0. 0. 0. 0. 0. 0. 0. 0. 0. 0. 0. 0. 0. 0. 0.]
4 x: [0. 0. 0. 0. 0. 0. 0. 0. 0. 0. 0. 0. 0. 0. 0. 0.]
5 x: [0. 0. 0. 0. 0. 0. 0. 0. 0. 0. 0. 0. 0. 0. 0. 0.]
6 x: [0. 0. 0. 0. 0. 0. 0. 0. 0. 0. 0. 0. 0. 0. 0. 0.]
7 x: [0. 0. 0. 0. 0. 0. 0. 0. 0. 0. 0. 0. 0. 0. 0. 0.]
Agent reg error:  0.0
Agent sum error:  7.166601657375676
Error after aggregation:  7.166601657375676

0 x: [0. 0. 0. 0. 0. 0. 0. 0. 0. 0. 0. 0. 0. 0. 0. 0.]
1 x: [0. 0. 0. 0. 0. 0. 0. 0. 0. 0. 0. 0. 0. 0. 0. 0.]
2 x: [0. 0. 0. 0. 0. 0. 0. 0. 0. 0. 0. 0. 0. 0. 0. 0.]
3 x: [0. 0. 0. 0. 0. 0. 0. 0. 0. 0. 0. 0. 0. 0. 0. 0.]
4 x: [0. 0. 0. 0. 0. 0. 0. 0. 0. 0. 0. 0. 0. 0. 0. 0.]
5 x: [0. 0. 0. 0. 0. 0. 0. 0. 0. 0. 0. 0. 0. 0. 0. 0.]
6 x: [0. 0. 0. 0. 0. 0. 0. 0. 0. 0. 0. 0. 0. 0. 0. 0.]
7 x: [0. 0. 0. 0. 0. 0. 0. 0. 0. 0. 0. 0. 0. 0. 0. 0.]
Agent reg error:  0.0
Agent sum error:  7.166601657375676
Error after aggregation:  7.166601657375676

Iteration 0
0 x: [ 0.04172607  0.10763996  0.10157411  0.02747024 -0.00375136  0.02806639
  0.11406785  0.03837551  0.07248229  0.12165615  0.07052684  0.0937936
  0.12276155  0.06787832  0.08299551  0.05887644]
1 x: [ 0.02838509  0.10552932  0.0787599   0.01243577 -0.02514654  0.00618945
  0.10031104  0.0172288   0.07032889  0.11679248  0.06900503  0.08897744
  0.11121887  0.06267895  0.06022168  0.05212849]
2 x: [0.0603845  0.11743354 0.10725229 0.02876653 0.00553072 0.03422898
 0.12642781 0.05323731 0.09075968 0.12724102 0.07048461 0.10627432
 0.13431298 0.0784606  0.09661624 0.06941843]
3 x: [ 0.0261125   0.09169913  0.09536087  0.02106287 -0.00756912  0.01694667
  0.10062245  0.02673275  0.04887354  0.10815824  0.05991251  0.07843691
  0.11459347  0.06216291  0.06974909  0.04972735]
4 x: [0.04568324 0.1127319  0.11128936 0.03699116 0.00118792 0.03702397
 0.1331996  0.04661151 0.07996297 0.13287706 0.08323146 0.10783227
 0.13862118 0.07670225 0.08984392 0.06952801]
5 x: [0.04834129 0.11529914 0.10983599 0.03780325 0.00043893 0.04283335
 0.11784254 0.04287985 0.07266956 0.12834928 0.07989793 0.09349767
 0.12811091 0.07020407 0.09115497 0.06163846]
6 x: [ 0.03403161  0.09697766  0.08823336  0.01484632 -0.0188508   0.01765541
  0.09273402  0.02872111  0.06034702  0.10653377  0.05768237  0.07040536
  0.10367455  0.05738387  0.07894484  0.0466686 ]
7 x: [0.04609545 0.10856276 0.11602415 0.0360003  0.01466992 0.03969032
 0.12646792 0.04750516 0.08050879 0.12683446 0.07295933 0.10534853
 0.12405457 0.06678441 0.09241317 0.06151757]
Agent reg error:  0.015071449872093044
Agent sum error:  0.43103021422070364
Error after aggregation:  0.8347791400799662

Result
[ 0.04134497  0.10698418  0.10104125  0.02692205 -0.00418629  0.02782932
  0.11395916  0.0376615   0.07199159  0.12105531  0.07046251  0.09307076
  0.12216851  0.06778192  0.08274243  0.05868792]
