Graph matrix adjacency:
[[False  True  True  True  True  True  True  True]
 [ True False False False False False False False]
 [ True False False False False False False False]
 [ True False False False False False False False]
 [ True False False False False False False False]
 [ True False False False False False False False]
 [ True False False False False False False False]
 [ True False False False False False False False]]

Sliding
0 x: [0. 0. 0. 0. 0. 0. 0. 0. 0. 0. 0. 0. 0. 0. 0. 0. 0. 0. 0. 0. 0. 0. 0. 0.
 0. 0. 0. 0. 0. 0. 0. 0.]
1 x: [0. 0. 0. 0. 0. 0. 0. 0. 0. 0. 0. 0. 0. 0. 0. 0. 0. 0. 0. 0. 0. 0. 0. 0.
 0. 0. 0. 0. 0. 0. 0. 0.]
2 x: [0. 0. 0. 0. 0. 0. 0. 0. 0. 0. 0. 0. 0. 0. 0. 0. 0. 0. 0. 0. 0. 0. 0. 0.
 0. 0. 0. 0. 0. 0. 0. 0.]
3 x: [0. 0. 0. 0. 0. 0. 0. 0. 0. 0. 0. 0. 0. 0. 0. 0. 0. 0. 0. 0. 0. 0. 0. 0.
 0. 0. 0. 0. 0. 0. 0. 0.]
4 x: [0. 0. 0. 0. 0. 0. 0. 0. 0. 0. 0. 0. 0. 0. 0. 0. 0. 0. 0. 0. 0. 0. 0. 0.
 0. 0. 0. 0. 0. 0. 0. 0.]
5 x: [0. 0. 0. 0. 0. 0. 0. 0. 0. 0. 0. 0. 0. 0. 0. 0. 0. 0. 0. 0. 0. 0. 0. 0.
 0. 0. 0. 0. 0. 0. 0. 0.]
6 x: [0. 0. 0. 0. 0. 0. 0. 0. 0. 0. 0. 0. 0. 0. 0. 0. 0. 0. 0. 0. 0. 0. 0. 0.
 0. 0. 0. 0. 0. 0. 0. 0.]
7 x: [0. 0. 0. 0. 0. 0. 0. 0. 0. 0. 0. 0. 0. 0. 0. 0. 0. 0. 0. 0. 0. 0. 0. 0.
 0. 0. 0. 0. 0. 0. 0. 0.]
Agent reg error:  0.0
Agent sum error:  12.091317174996945
Error after aggregation:  12.091317174996945

0 x: [0. 0. 0. 0. 0. 0. 0. 0. 0. 0. 0. 0. 0. 0. 0. 0. 0. 0. 0. 0. 0. 0. 0. 0.
 0. 0. 0. 0. 0. 0. 0. 0.]
1 x: [0. 0. 0. 0. 0. 0. 0. 0. 0. 0. 0. 0. 0. 0. 0. 0. 0. 0. 0. 0. 0. 0. 0. 0.
 0. 0. 0. 0. 0. 0. 0. 0.]
2 x: [0. 0. 0. 0. 0. 0. 0. 0. 0. 0. 0. 0. 0. 0. 0. 0. 0. 0. 0. 0. 0. 0. 0. 0.
 0. 0. 0. 0. 0. 0. 0. 0.]
3 x: [0. 0. 0. 0. 0. 0. 0. 0. 0. 0. 0. 0. 0. 0. 0. 0. 0. 0. 0. 0. 0. 0. 0. 0.
 0. 0. 0. 0. 0. 0. 0. 0.]
4 x: [0. 0. 0. 0. 0. 0. 0. 0. 0. 0. 0. 0. 0. 0. 0. 0. 0. 0. 0. 0. 0. 0. 0. 0.
 0. 0. 0. 0. 0. 0. 0. 0.]
5 x: [0. 0. 0. 0. 0. 0. 0. 0. 0. 0. 0. 0. 0. 0. 0. 0. 0. 0. 0. 0. 0. 0. 0. 0.
 0. 0. 0. 0. 0. 0. 0. 0.]
6 x: [0. 0. 0. 0. 0. 0. 0. 0. 0. 0. 0. 0. 0. 0. 0. 0. 0. 0. 0. 0. 0. 0. 0. 0.
 0. 0. 0. 0. 0. 0. 0. 0.]
7 x: [0. 0. 0. 0. 0. 0. 0. 0. 0. 0. 0. 0. 0. 0. 0. 0. 0. 0. 0. 0. 0. 0. 0. 0.
 0. 0. 0. 0. 0. 0. 0. 0.]
Agent reg error:  0.0
Agent sum error:  12.091317174996945
Error after aggregation:  12.091317174996945

Iteration 0
0 x: [-0.06102903  0.00404795 -0.02604946  0.1611888  -0.03745703  0.06168719
 -0.02886762  0.04498306  0.04176004  0.14318298 -0.00067703  0.03934159
  0.07621107 -0.03363629  0.03177887 -0.02636934  0.04594988  0.01840593
  0.10432888 -0.02847544 -0.08646605  0.19403632  0.06397998 -0.05879496
  0.07064509  0.05959453  0.04774108  0.00380104  0.05955071  0.01109515
  0.0502814   0.09730345]
1 x: [-0.063106    0.00654167 -0.01103151  0.16034068 -0.06236866  0.06578088
 -0.0720691   0.01215298 -0.00313576  0.14137818  0.02829017 -0.03177036
  0.04598028 -0.02259175  0.04957853 -0.04610621  0.07677586  0.0323438
  0.11169379 -0.0601394  -0.08013655  0.16482518  0.0587152  -0.01336668
  0.063328    0.04972896  0.0383715   0.00281047  0.03793392 -0.01972961
  0.04232323  0.11013108]
2 x: [-0.06766355 -0.02479116 -0.05338267  0.156567   -0.07641865  0.03345631
 -0.01355745  0.03129035  0.02382777  0.13274973 -0.00577697  0.01734492
  0.09573963 -0.02332382  0.04910615 -0.00509736  0.006462   -0.01928915
  0.07415585 -0.0341078  -0.10437788  0.17457087  0.04350933 -0.06953994
  0.06557761  0.02980509  0.04417208  0.01606757  0.03673352  0.01413228
  0.04304101  0.08079825]
3 x: [-0.07464929 -0.000389   -0.03373551  0.14775055 -0.03121794  0.03184495
 -0.03661163  0.03507436  0.02467971  0.11578624  0.01166973  0.05776789
  0.06748578 -0.06148245 -0.01317563 -0.02599887  0.02196678 -0.00769343
  0.06699875 -0.05403617 -0.09768012  0.15641536  0.08400999 -0.10258131
  0.04884424  0.05933714  0.02263514 -0.04485793  0.06717752  0.0183326
  0.03542911  0.09429633]
4 x: [-0.04685245  0.01073437 -0.02260338  0.16494343 -0.02287493  0.05285273
 -0.0119064   0.06272233  0.03648889  0.13786235  0.01659003  0.05038053
  0.06889594 -0.02819811  0.03964405 -0.01427013  0.06043096  0.01861761
  0.09436502 -0.01899046 -0.08546209  0.18418583  0.06820098 -0.0368473
  0.07675703  0.06439024  0.04656191  0.01989633  0.06126556  0.01619508
  0.05670802  0.0992557 ]
5 x: [-0.07447409 -0.04118276 -0.02781839  0.15600509 -0.05861333  0.09240649
 -0.0141447   0.07491168  0.10036175  0.10771504 -0.02254789  0.03383072
  0.0630897  -0.03112053  0.07749524 -0.09100315  0.01968555  0.02523956
  0.1479214  -0.04485099 -0.09212491  0.19233825  0.04790814 -0.08977991
  0.07069295  0.0674411   0.04809977 -0.04204986  0.06106415 -0.02126158
  0.01403937  0.07051331]
6 x: [-0.0811452   0.02754161 -0.02661407  0.14209484  0.01201949  0.05378153
 -0.03628181  0.02375916  0.02641837  0.17999602 -0.04696456  0.04809843
  0.0936245  -0.04770599 -0.02017776  0.00939461  0.04131483  0.04916763
  0.10253188  0.00360255 -0.0979481   0.24550711  0.06377544 -0.05519864
  0.04059712  0.03098864  0.07083466  0.01499695  0.07757932  0.02438245
  0.08553589  0.10100636]
7 x: [-0.03783732  0.02211758 -0.022223    0.18595477 -0.02703763  0.0833807
 -0.02831456  0.0498185   0.05818391  0.16636557  0.00226947  0.06574944
  0.07518259 -0.02663288  0.03024198 -0.01828105  0.07025182  0.00406175
  0.11538564 -0.00987406 -0.0738134   0.23655018  0.05973177 -0.06366237
  0.10217809  0.08421409  0.05436428  0.04319457  0.05644599  0.03433903
  0.04713666  0.10667934]
Agent reg error:  0.12555333152541795
Agent sum error:  0.7804041975450006
Error after aggregation:  2.325368231190973

Iteration 2000
0 x: [-0.10380337 -0.01947958 -0.06339394  0.241635   -0.05721866  0.08013495
 -0.07054643  0.05872936  0.04746899  0.18971577 -0.02426383  0.02872185
  0.1110095  -0.06336007  0.02917243 -0.05151268  0.03816573  0.02318847
  0.14749379 -0.05388793 -0.1268385   0.25120811  0.10045872 -0.10828079
  0.07407019  0.08668366  0.06207271 -0.02963327  0.08467245 -0.02500542
  0.05536929  0.10933483]
1 x: [-0.09783862 -0.01679313 -0.05563367  0.24399183 -0.07973648  0.0892816
 -0.1171435   0.03185082  0.00570127  0.18198947 -0.00155451 -0.0410736
  0.0773903  -0.05825163  0.03795858 -0.06796692  0.05980994  0.03174926
  0.15186724 -0.08477299 -0.11785586  0.22558678  0.0916332  -0.07374816
  0.06691927  0.07731277  0.04820196 -0.02334396  0.06041921 -0.05610236
  0.04556479  0.11705152]
2 x: [-0.11408407 -0.04440086 -0.08851606  0.23746858 -0.09259339  0.05415889
 -0.06264439  0.04545749  0.03366372  0.1828187  -0.0290642   0.00742836
  0.12485427 -0.05547724  0.04361623 -0.03570497  0.00583937 -0.00858338
  0.12400715 -0.05993407 -0.14516537  0.23841543  0.08363721 -0.12150428
  0.06834358  0.06309948  0.05823535 -0.01668821  0.06502592 -0.02359287
  0.04701681  0.09427766]
3 x: [-0.11856721 -0.02476191 -0.07444049  0.22619003 -0.05900225  0.05062452
 -0.07591882  0.04741015  0.0323261   0.16695894 -0.01755113  0.04005187
  0.10310464 -0.08759286 -0.00722137 -0.05653104  0.0143428   0.0024529
  0.11665184 -0.08152484 -0.14168942  0.2217476   0.11240139 -0.1493768
  0.05836567  0.07963378  0.03726941 -0.07044605  0.08568909 -0.023617
  0.0372343   0.10472597]
4 x: [-0.08940052 -0.00750723 -0.06130159  0.24530813 -0.046117    0.07293212
 -0.05037304  0.07189532  0.04403716  0.18854786 -0.00559354  0.04549366
  0.11081803 -0.05586639  0.03538983 -0.04414138  0.04944636  0.0287565
  0.14765671 -0.03699601 -0.12553902  0.24952736  0.10992276 -0.08379603
  0.08305729  0.09207573  0.06093218 -0.01818091  0.0925647  -0.01830763
  0.05723164  0.11299188]
5 x: [-0.11606257 -0.05605414 -0.06417936  0.24083298 -0.07694454  0.09867657
 -0.0600813   0.08078555  0.09236958  0.16190171 -0.04199601  0.02330541
  0.09982731 -0.06649353  0.06559679 -0.10447924  0.01974831  0.02536081
  0.17995304 -0.07152628 -0.13571673  0.24726896  0.08307223 -0.13383961
  0.07642721  0.09458536  0.06090398 -0.06423097  0.08584269 -0.0513682
  0.02717518  0.0830001 ]
6 x: [-0.11882165 -0.00435546 -0.05837322  0.22416065 -0.00762673  0.08215891
 -0.07683914  0.04931035  0.04051764  0.2212019  -0.06464917  0.03902724
  0.12328371 -0.07046683 -0.01031508 -0.01906177  0.04093469  0.04629829
  0.14125043 -0.02827765 -0.13421303  0.29273758  0.10585377 -0.10951443
  0.04912306  0.06488932  0.09072853 -0.02111132  0.10179073 -0.01152703
  0.08479401  0.10981121]
7 x: [-0.08805892 -0.00713223 -0.05505171  0.26130806 -0.04197031  0.09814715
 -0.05921543  0.06145376  0.05923859  0.20710681 -0.01865203  0.05644403
  0.11842093 -0.05455028  0.03061373 -0.03876107  0.05499801  0.01313008
  0.15436057 -0.03275056 -0.11160715  0.27849965  0.09695084 -0.10302015
  0.09323304  0.10695845  0.06984618 -0.00681431  0.08613248 -0.00028458
  0.06380912  0.12614928]
Agent reg error:  0.09373151787579796
Agent sum error:  0.5845793558479869
Error after aggregation:  1.9873384999426642

Iteration 4000
0 x: [-0.12928122 -0.03859766 -0.09485666  0.30166425 -0.06323736  0.09468983
 -0.09648623  0.07263004  0.04695776  0.21215361 -0.03993082  0.01792705
  0.1429726  -0.08227001  0.02376966 -0.06377101  0.02749764  0.03352044
  0.1757603  -0.06686982 -0.14261438  0.2761422   0.12914239 -0.13871159
  0.07216596  0.10834813  0.07501358 -0.06178615  0.10639079 -0.061336
  0.06196152  0.11004157]
1 x: [-0.12027071 -0.03685499 -0.09048168  0.30536056 -0.08341993  0.10546861
 -0.14481557  0.04870317  0.00737897  0.20159281 -0.02140519 -0.05080736
  0.10738995 -0.08022761  0.02836458 -0.07901045  0.04459679  0.0403523
  0.17852041 -0.09722215 -0.13280692  0.25257157  0.11850694 -0.1096457
  0.0651309   0.09964183  0.05799134 -0.05328497  0.0815628  -0.0934473
  0.05087844  0.11408915]
2 x: [-0.14057775 -0.06162086 -0.1180223   0.29898417 -0.09632044  0.07079172
 -0.09085263  0.06016316  0.03456896  0.20726274 -0.04548671 -0.00166089
  0.1548784  -0.07620125  0.03631911 -0.05137819 -0.00190253  0.00380038
  0.15541675 -0.07358204 -0.16150999  0.26646564  0.11424137 -0.15269434
  0.06640319  0.0875267   0.07122858 -0.05007109  0.08859836 -0.0599075
  0.05362455  0.09687707]
3 x: [-0.14367279 -0.04438241 -0.10718669  0.28516165 -0.06878847  0.06653787
 -0.1003109   0.06111327  0.03328488  0.19212274 -0.03712447  0.02419649
  0.13568053 -0.10287999 -0.00607659 -0.07123394  0.00433623  0.01692998
  0.14929383 -0.09407203 -0.15788152  0.25091285  0.13651815 -0.17603288
  0.05922791  0.09845551  0.05123334 -0.09664887  0.10348845 -0.06413282
  0.04222307  0.10379243]
4 x: [-0.11427741 -0.02502845 -0.09369373  0.30572709 -0.0533424   0.08948487
 -0.07570405  0.08411008  0.04543674  0.21372519 -0.02040795  0.03682621
  0.14626629 -0.07417735  0.03034987 -0.0582695   0.03726042  0.04139249
  0.17994128 -0.04775614 -0.14036169  0.27840273  0.14168729 -0.11378516
  0.08282787  0.11444629  0.07483647 -0.05189082  0.11768687 -0.05387745
  0.06259192  0.1152748 ]
5 x: [-0.14039637 -0.06885213 -0.09561199  0.30216656 -0.0807488   0.10698484
 -0.08962133  0.08906567  0.0825658   0.18889891 -0.055016    0.01285015
  0.13246917 -0.08736596  0.05317994 -0.10816883  0.01310706  0.03323293
  0.20071734 -0.08381432 -0.15217008  0.27117241  0.11224281 -0.16059083
  0.0744496   0.1153106   0.07302135 -0.08938734  0.10796962 -0.08350666
  0.03796778  0.08551856]
6 x: [-0.14157889 -0.02815268 -0.08719905  0.28610895 -0.01520382  0.10037951
 -0.10188583  0.06936693  0.04347919  0.24043319 -0.07598752  0.02950954
  0.15188943 -0.08617048 -0.00826247 -0.03304077  0.03333572  0.0523459
  0.16806864 -0.04408679 -0.14809025  0.31188759  0.13701737 -0.1421056
  0.04984044  0.09138068  0.10466109 -0.05589701  0.12286727 -0.0486863
  0.08695516  0.10905308]
7 x: [-0.11876787 -0.02761762 -0.08450003  0.31768109 -0.04790154  0.11045122
 -0.07915227  0.07475741  0.05872244  0.22576428 -0.03162995  0.04696011
  0.15575039 -0.07382077  0.02475885 -0.05093855  0.04178171  0.02579717
  0.1822446  -0.04565352 -0.12779421  0.29666663  0.12555077 -0.13126735
  0.08698528  0.12578852  0.08436214 -0.04648806  0.10958207 -0.03441255
  0.07701513  0.12942822]
Agent reg error:  0.0786855153732149
Agent sum error:  0.4813722979820497
Error after aggregation:  1.8029775313869392

Iteration 6000
0 x: [-0.14619166 -0.05481021 -0.12205913  0.34925949 -0.06469568  0.1065772
 -0.11347153  0.08565113  0.04236683  0.22205224 -0.04977916  0.0075131
  0.17141634 -0.09567008  0.01618666 -0.06989026  0.01815241  0.04586838
  0.19589146 -0.07439978 -0.14816951  0.28848242  0.14911472 -0.15867994
  0.07117225  0.1239984   0.08709416 -0.0910549   0.12323194 -0.09422205
  0.07113778  0.10751849]
1 x: [-0.13596868 -0.05405234 -0.1194449   0.35367825 -0.08298159  0.11781459
 -0.16229282  0.0635193   0.00447721  0.21008212 -0.03406261 -0.05994677
  0.1350442  -0.09536608  0.01867294 -0.0845294   0.03267126  0.05215788
  0.19769447 -0.1042149  -0.13820735  0.26624887  0.13759912 -0.13270624
  0.06427329  0.11597034  0.0680823  -0.08202449  0.0986694  -0.12703118
  0.05935426  0.1091225 ]
2 x: [-0.15778246 -0.07669512 -0.14367567  0.34783695 -0.0960119   0.08422089
 -0.10867787  0.07385994  0.0305056   0.21821537 -0.0561373  -0.01054031
  0.18241158 -0.09095848  0.02725521 -0.05991795 -0.00973261  0.01721295
  0.17729234 -0.08160879 -0.16735949  0.28024861  0.13544953 -0.17280475
  0.06530465  0.10482662  0.08323408 -0.08081125  0.10677258 -0.0926616
  0.06299992  0.09573255]
3 x: [-0.15979157 -0.06085497 -0.13487596  0.33234459 -0.07224564  0.07989551
 -0.11618236  0.07429572  0.02997633  0.20388865 -0.04960248  0.01025207
  0.16467031 -0.11333616 -0.00873519 -0.07863656 -0.00422166  0.03230169
  0.1726584  -0.10047775 -0.16283026  0.2657035   0.15356315 -0.1923096
  0.05984023  0.11271896  0.06452342 -0.1214386   0.11798012 -0.09989269
  0.05067932  0.09998457]
4 x: [-0.13077803 -0.04081232 -0.12140395  0.35375321 -0.05526695  0.10326791
 -0.09280023  0.09637772  0.04246976  0.22542102 -0.02992762  0.02710231
  0.17668753 -0.08750552  0.02348111 -0.0651107   0.0269969   0.0548403
  0.20190064 -0.05487505 -0.14491662  0.29279483  0.1633878  -0.1341163
  0.08277492  0.13065221  0.08785414 -0.08181383  0.13646024 -0.08630146
  0.07166502  0.11398026]
5 x: [-0.1563336  -0.08049554 -0.12310288  0.34983602 -0.08015077  0.11532256
 -0.10939543  0.09791392  0.07123135  0.20189429 -0.06298925  0.00278921
  0.16116904 -0.10138112  0.04028102 -0.10791774  0.00595178  0.04421509
  0.21555315 -0.09019637 -0.15771168  0.28322342  0.13325326 -0.17795556
  0.07276707  0.12973358  0.08459704 -0.11404557  0.12517906 -0.1131888
  0.0497793   0.08524647]
6 x: [-0.15678759 -0.04749322 -0.11295645  0.33531606 -0.01840492  0.11371002
 -0.11808588  0.08612257  0.04048086  0.24797209 -0.08262221  0.02004781
  0.17802549 -0.09786346 -0.0108617  -0.0402425   0.02544316  0.0618786
  0.1875465  -0.0531664  -0.15263139  0.32017374  0.15818808 -0.16316422
  0.05041484  0.11047703  0.11639238 -0.08746574  0.13914687 -0.08255671
  0.09281895  0.10563882]
7 x: [-0.13922153 -0.04381244 -0.1108948   0.36288964 -0.05065705  0.12083411
 -0.09277476  0.08776816  0.05521714  0.23336882 -0.03936618  0.03743739
  0.18757365 -0.08810944  0.01609589 -0.05825166  0.03170644  0.03954042
  0.20304039 -0.0539291  -0.13464654  0.3060412   0.14534319 -0.15159651
  0.08475422  0.13960718  0.09774996 -0.07926566  0.12710772 -0.06559332
  0.0900076   0.12766675]
Agent reg error:  0.06941031682647732
Agent sum error:  0.416824847526388
Error after aggregation:  1.6716194310671404

Iteration 8000
0 x: [-0.15829196 -0.06872451 -0.1460184   0.3883071  -0.06460529  0.11671254
 -0.12544801  0.09767899  0.03534747  0.22493651 -0.05555405 -0.00251251
  0.19624359 -0.10574097  0.00694361 -0.07265901  0.01100286  0.05872754
  0.21141418 -0.0789775  -0.14881147  0.29570381  0.16216162 -0.17264685
  0.07231183  0.13464159  0.09882782 -0.11730546  0.13561098 -0.12335047
  0.08209753  0.10429238]
1 x: [-0.14763094 -0.06872488 -0.1443903   0.39318688 -0.08141833  0.12799004
 -0.17393732  0.07682824 -0.00108926  0.21233891 -0.04175752 -0.06843476
  0.15990723 -0.10647731  0.00832835 -0.08687471  0.0238989   0.064857
  0.2126519  -0.10818208 -0.13896741  0.27447724  0.15032634 -0.14862972
  0.06556923  0.12724963  0.07873011 -0.10831636  0.1116889  -0.15636478
  0.07004536  0.10435644]
2 x: [-0.17002243 -0.08984296 -0.16646401  0.38773596 -0.09450998  0.09542652
 -0.12115526  0.08633659  0.02368233  0.22158468 -0.06258763 -0.01944307
  0.2065909  -0.10208362  0.01675002 -0.06455135 -0.01593201  0.03085903
  0.19391262 -0.08651897 -0.16808423  0.2880898   0.1493591  -0.18670713
  0.06620081  0.11663004  0.09473206 -0.10836866  0.12016792 -0.12183077
  0.07411618  0.09334033]
3 x: [-0.17104641 -0.07485501 -0.15900258  0.37133353 -0.07329204  0.09137705
 -0.12730306  0.08657416  0.02407677  0.20816894 -0.05714007 -0.00222413
  0.19001178 -0.12115837 -0.01428454 -0.08214039 -0.01062163  0.04739556
  0.19066645 -0.10385221 -0.16261445  0.27451044  0.16460046 -0.20309049
  0.06212154  0.12258102  0.07741207 -0.14429854  0.1289595  -0.13097187
  0.0614036   0.0958425 ]
4 x: [-0.14269249 -0.05468405 -0.14562329  0.39316755 -0.0553957   0.11499994
 -0.10507435  0.10797666  0.03671345  0.22947681 -0.03569856  0.01715799
  0.20274682 -0.09770157  0.01485756 -0.06815226  0.01920447  0.06828418
  0.21837512 -0.05966726 -0.14471831  0.30114491  0.1773668  -0.14869053
  0.08441808  0.14168224  0.10030415 -0.10844523  0.14995338 -0.11514048
  0.08287215  0.11163886]
5 x: [-1.67621557e-01 -9.10377096e-02 -1.47416417e-01  3.88495040e-01
 -7.83367127e-02  1.23271768e-01 -1.23485381e-01  1.06776051e-01
  5.91391120e-02  2.07067167e-01 -6.73508162e-02 -6.94995991e-03
  1.86121849e-01 -1.11561324e-01  2.69606377e-02 -1.05851184e-01
  9.05188340e-05  5.63077428e-02  2.27217585e-01 -9.36260400e-02
 -1.58155170e-01  2.90541006e-01  1.47431750e-01 -1.89981738e-01
  7.31550172e-02  1.39165018e-01  9.60033177e-02 -1.37077136e-01
  1.37757591e-01 -1.39778913e-01  6.26475028e-02  8.42638146e-02]
6 x: [-0.16765449 -0.06374176 -0.13600242  0.37562672 -0.01991284  0.12447777
 -0.12935606  0.10071048  0.03429472  0.24890192 -0.08588254  0.01070083
  0.20115107 -0.10687017 -0.01645705 -0.04381634  0.0191105   0.07268653
  0.20263529 -0.05880198 -0.15261311  0.32421243  0.1718328  -0.17772309
  0.0526595   0.12366943  0.12742417 -0.11563879  0.15099274 -0.11259062
  0.10125236  0.10175885]
7 x: [-0.15369596 -0.05734736 -0.13463945  0.40044815 -0.05209128  0.12994092
 -0.10292523  0.09997366  0.04933144  0.23490443 -0.04365045  0.0278862
  0.21449728 -0.09909672  0.0058609  -0.06241216  0.02448595  0.05329081
  0.21940061 -0.05946179 -0.13669687  0.31205987  0.1582547  -0.16662033
  0.08583032  0.14906092  0.11041996 -0.10715667  0.13974925 -0.09363345
  0.10316125  0.12450235]
Agent reg error:  0.06285238043765003
Agent sum error:  0.3727340949850166
Error after aggregation:  1.567389840964282

Iteration 10000
0 x: [-0.16741246 -0.08075569 -0.16741667  0.42110492 -0.06400279  0.1256033
 -0.13455857  0.10885235  0.02691894  0.22369958 -0.05848654 -0.01211499
  0.21777431 -0.11349962 -0.0034854  -0.07337751  0.00590177  0.07135878
  0.22417191 -0.08162652 -0.14677301  0.30076767  0.17022195 -0.18306257
  0.07544342  0.14146271  0.11047675 -0.14087383  0.14436706 -0.14921369
  0.09392162  0.10110228]
1 x: [-0.15669566 -0.08127137 -0.16634723  0.4263042  -0.07966974  0.13676713
 -0.18220176  0.08901375 -0.00818403  0.21095691 -0.04602393 -0.07630654
  0.18200544 -0.11486881 -0.0026542  -0.08721958  0.01772443  0.07745834
  0.22511422 -0.11015009 -0.13717536  0.28040193  0.15842126 -0.16038966
  0.06887979  0.13465458  0.08994816 -0.1321232   0.12126331 -0.18201622
  0.08189304  0.10026521]
2 x: [-0.17928411 -0.10133053 -0.18699074  0.42104286 -0.09278078  0.10503894
 -0.13072884  0.09775719  0.01530045  0.22049325 -0.06607597 -0.02829946
  0.22752636 -0.11069831  0.00519413 -0.06678568 -0.02036747  0.04415877
  0.2074191  -0.08938759 -0.16601495  0.2933509   0.1580353  -0.19700502
  0.06899109  0.12431501  0.10602879 -0.1330278   0.12970411 -0.14790306
  0.08601807  0.09057721]
3 x: [-0.17937986 -0.08685233 -0.18043344  0.40424779 -0.07334663  0.10144978
 -0.13572251  0.09800962  0.01660645  0.20802675 -0.06125827 -0.01352882
  0.2120291  -0.12722207 -0.02192264 -0.08328336 -0.01506057  0.06173373
  0.2053736  -0.10539758 -0.15972714  0.28070958  0.17122915 -0.21089298
  0.06616556  0.12891432  0.09008401 -0.16526535  0.13690026 -0.15815629
  0.07326615  0.09203237]
4 x: [-0.15178987 -0.06681297 -0.16715789  0.42625117 -0.05492977  0.12516104
 -0.11452527  0.11884907  0.02922622  0.228997   -0.038804    0.00736631
  0.22508039 -0.1056597   0.00487156 -0.06897154  0.01362046  0.08125144
  0.23167652 -0.06273478 -0.14203625  0.30685196  0.18589008 -0.15974781
  0.08779192  0.14875191  0.11246207 -0.13230219  0.15934405 -0.14083768
  0.09502485  0.10905904]
5 x: [-0.17605693 -0.1005109  -0.16914482  0.42075965 -0.07632034  0.13072842
 -0.13419576  0.11551312  0.04680562  0.20761036 -0.06917383 -0.0163426
  0.20774603 -0.11924312  0.01335788 -0.10281333 -0.00418483  0.06852031
  0.23709408 -0.09524552 -0.15587229  0.29587635  0.15655917 -0.19888629
  0.07562732  0.14490132  0.1074411  -0.15828594  0.14656918 -0.16359638
  0.07598512  0.08312639]
6 x: [-0.17577614 -0.07760391 -0.15676864  0.40940964 -0.0207345   0.13370396
 -0.13783033  0.11378326  0.02638374  0.2459534  -0.08674057  0.00155574
  0.22136372 -0.11386436 -0.02403888 -0.04521944  0.01454574  0.08373218
  0.21504376 -0.0622988  -0.15004834  0.32661933  0.18018344 -0.18846193
  0.05668245  0.13244725  0.13831847 -0.14076842  0.15923702 -0.13923184
  0.11109962  0.09805232]
7 x: [-0.16440217 -0.06898741 -0.15612088  0.43235138 -0.05287534  0.13812975
 -0.11113981  0.11135194  0.0418172   0.23288708 -0.04561524  0.0184353
  0.23728331 -0.10766783 -0.00534578 -0.06439324  0.01952343  0.06651119
  0.23290414 -0.06305387 -0.13592749  0.31675019  0.16622597 -0.17817309
  0.08929304  0.15509735  0.12267718 -0.13146452  0.14857724 -0.11890387
  0.11620033  0.12109049]
Agent reg error:  0.05781709576688157
Agent sum error:  0.3406346582915704
Error after aggregation:  1.4798420080520927

Iteration 12000
0 x: [-0.1745559  -0.0912522  -0.18672535  0.44918599 -0.0632661   0.13352571
 -0.14195954  0.1193317   0.01767957  0.21997906 -0.05942348 -0.02123498
  0.236486   -0.11949586 -0.01469768 -0.07275625  0.00246245  0.08338731
  0.23515963 -0.08287087 -0.14313819  0.30488577  0.1748319  -0.19132543
  0.080149    0.14546608  0.12212136 -0.16217644  0.1503119  -0.17239962
  0.10593393  0.09811975]
1 x: [-0.16399713 -0.09208761 -0.18594702  0.45461548 -0.07802119  0.144519
 -0.18845068  0.1003427  -0.01616316  0.20740596 -0.04789859 -0.08358433
  0.20160512 -0.12124291 -0.01409094 -0.08624158  0.01357198  0.08951222
  0.23600385 -0.1106653  -0.13385701  0.28532192  0.16329073 -0.16962383
  0.07379174  0.13919531  0.10161467 -0.1537324   0.12811115 -0.20469289
  0.09411605  0.09682522]
2 x: [-0.18660202 -0.11143059 -0.20564947  0.44938357 -0.09114455  0.11343742
 -0.13862244  0.10833329  0.00602657  0.2167135  -0.06748018 -0.03695783
  0.24564306 -0.11741714 -0.00705201 -0.06744277 -0.02331261  0.05677107
  0.21894476 -0.0907772  -0.16229816  0.29744144  0.1630861  -0.20515182
  0.07330052  0.12897073  0.11725068 -0.15523885  0.13624601 -0.17141277
  0.09803847  0.08774575]
3 x: [-0.18581955 -0.09723695 -0.1997139   0.43252516 -0.07297519  0.1104033
 -0.14254292  0.10874487  0.00817417  0.20519074 -0.06299546 -0.02383197
  0.23119808 -0.1319304  -0.03099642 -0.08288534 -0.01792742  0.07511311
  0.21791307 -0.10566956 -0.15533022  0.28571299  0.17479609 -0.21705215
  0.07164229  0.1325963   0.10261174 -0.18453518  0.1423934  -0.18223513
  0.08547505  0.08864911]
4 x: [-0.15901431 -0.07746683 -0.18654629  0.45454498 -0.05430399  0.13407026
 -0.12227391  0.12908901  0.02067566  0.2257593  -0.04000238 -0.00206684
  0.24432009 -0.11188212 -0.00605465 -0.06838551  0.0098059   0.09347693
  0.24298526 -0.06445257 -0.13793121  0.31134328  0.19068001 -0.16862088
  0.09258308  0.15289892  0.1244625  -0.15385251  0.16562769 -0.16394644
  0.10735986  0.10648691]
5 x: [-1.82612324e-01 -1.09014278e-01 -1.88734728e-01  4.48291727e-01
 -7.44205977e-02  1.37658915e-01 -1.42815834e-01  1.24095005e-01
  3.45036266e-02  2.05320859e-01 -6.92131329e-02 -2.53171177e-02
  2.26549504e-01 -1.25102164e-01 -3.64222530e-04 -9.92054856e-02
 -7.05027513e-03  8.03377559e-02  2.45883710e-01 -9.55931542e-02
 -1.51986216e-01  3.00328973e-01  1.62128183e-01 -2.05932813e-01
  7.97925477e-02  1.47972536e-01  1.18956806e-01 -1.77790887e-01
  1.52469406e-01 -1.85114015e-01  8.92615724e-02  8.19519608e-02]
6 x: [-0.18205239 -0.08956058 -0.17562523  0.43827196 -0.02127879  0.14185745
 -0.14465958  0.12573554  0.01753135  0.24069908 -0.08589629 -0.00728494
  0.23902995 -0.1192497  -0.03293281 -0.04523471  0.01149379  0.09449437
  0.22574163 -0.06428982 -0.14593073  0.32844522  0.18491965 -0.19688544
  0.0621716   0.13799882  0.14924246 -0.16330721  0.16469703 -0.16307326
  0.12153024  0.09465448]
7 x: [-0.1726022  -0.07919112 -0.1756637   0.45992337 -0.05330168  0.14557673
 -0.11822149  0.12200418  0.03323942  0.22871726 -0.04598922  0.00923825
  0.25669103 -0.1143553  -0.0171445  -0.06483079  0.01625496  0.07892983
  0.24448176 -0.06515865 -0.13336677  0.32087708  0.17077196 -0.18746543
  0.09440781  0.15856965  0.13466998 -0.15306769  0.15449623 -0.14185255
  0.12881568  0.11776576]
Agent reg error:  0.05373262116549954
Agent sum error:  0.3160131043368972
Error after aggregation:  1.4036630651866147

Iteration 14000
0 x: [-1.80327681e-01 -1.00509861e-01 -2.04277509e-01  4.73635724e-01
 -6.25370956e-02  1.40647242e-01 -1.48287789e-01  1.29238826e-01
  7.98258672e-03  2.14759209e-01 -5.89556861e-02 -2.98277431e-02
  2.52865724e-01 -1.24073523e-01 -2.63747056e-02 -7.12433039e-02
  3.02556399e-04  9.46390143e-02  2.44938973e-01 -8.30489136e-02
 -1.38504979e-01  3.08563129e-01  1.77102159e-01 -1.98256615e-01
  8.60305763e-02  1.47426710e-01  1.33746653e-01 -1.81583749e-01
  1.54116148e-01 -1.93413606e-01  1.17706844e-01  9.53476823e-02]
1 x: [-0.17005518 -0.10152239 -0.20360868  0.47923498 -0.07654419  0.15145015
 -0.19345521  0.11099048 -0.02465707  0.20256363 -0.04809521 -0.09028747
  0.21905197 -0.12603214 -0.02578151 -0.08438285  0.01095456  0.100823
  0.24583085 -0.11008854 -0.12958232  0.28978141  0.16596032 -0.17727662
  0.07990971  0.14165546  0.1135637  -0.17346792  0.13285422 -0.22500366
  0.10621384  0.09390004]
2 x: [-0.19257842 -0.12039199 -0.22271089  0.47391991 -0.08969189  0.12086439
 -0.14547524  0.11823363 -0.00375433  0.21131031 -0.06741535 -0.04528812
  0.26141996 -0.12262288 -0.01969283 -0.06703686 -0.02509188  0.06853284
  0.22912547 -0.09104992 -0.15756383  0.30096925  0.16567148 -0.21198581
  0.07876073  0.13142605  0.12841714 -0.17541534  0.14050688 -0.19281816
  0.1097659   0.08494465]
3 x: [-0.19096738 -0.10633412 -0.21720781  0.45720341 -0.07242457  0.11842955
 -0.14836822  0.11890058 -0.00084869  0.200702   -0.06306705 -0.03324489
  0.24800485 -0.13551105 -0.04100511 -0.08145537 -0.01959131  0.08746845
  0.22894482 -0.10499392 -0.15003499  0.29012824  0.17629455 -0.22229424
  0.07819335  0.13434316  0.11499646 -0.2023212   0.14597446 -0.20384835
  0.09753628  0.08563417]
4 x: [-0.16492971 -0.08691179 -0.20415376  0.47914859 -0.05368005  0.14195532
 -0.12894968  0.13879477  0.01148114  0.220841   -0.03983487 -0.01102928
  0.26104029 -0.11669322 -0.01756297 -0.06688133  0.00734946  0.10483656
  0.25294806 -0.06510801 -0.13296376  0.31523806  0.19295514 -0.1761183
  0.09845725  0.15492594  0.13634013 -0.17348043  0.16958051 -0.18494423
  0.11942682  0.10398676]
5 x: [-0.18787027 -0.11668085 -0.20651851  0.47222513 -0.07272467  0.14406078
 -0.15008275  0.13250678  0.02236195  0.20127927 -0.06800083 -0.03381315
  0.24302617 -0.12953253 -0.01405856 -0.09526514 -0.0087831   0.09150339
  0.25395251 -0.09499265 -0.14710671  0.30434769  0.16524787 -0.2118601
  0.08524119  0.14914504  0.13051286 -0.19578624  0.15616385 -0.20475277
  0.10212184  0.08074671]
6 x: [-0.18704185 -0.0999846  -0.19285754  0.46335621 -0.02172056  0.14917811
 -0.15047533  0.13681112  0.00816966  0.23409268 -0.08385773 -0.01574046
  0.25457498 -0.12330431 -0.04266962 -0.04434282  0.00962475  0.10471525
  0.23528725 -0.06515791 -0.14082395  0.33010829  0.18722822 -0.20387167
  0.06877411  0.14121315  0.16020165 -0.18366935  0.16804946 -0.18463838
  0.13201484  0.09154897]
7 x: [-1.79074490e-01 -8.82774332e-02 -1.93524864e-01  4.84111980e-01
 -5.35200110e-02  1.52378805e-01 -1.24591816e-01  1.32034923e-01
  2.39825131e-02  2.23235399e-01 -4.52599539e-02  4.13704653e-04
  2.73391360e-01 -1.19517187e-01 -2.92646843e-02 -6.41800420e-02
  1.42307206e-02  9.04319802e-02  2.54696163e-01 -6.61003965e-02
 -1.29623102e-01  3.24724075e-01  1.72985759e-01 -1.95277355e-01
  1.00652215e-01  1.60157478e-01  1.46445340e-01 -1.72567621e-01
  1.58218544e-01 -1.62873794e-01  1.40799178e-01  1.14598611e-01]
Agent reg error:  0.050292072331947185
Agent sum error:  0.29630346987064726
Error after aggregation:  1.335890318330968

Iteration 16000
0 x: [-0.18512066 -0.10877352 -0.22031501  0.49524384 -0.06186458  0.14708545
 -0.15390569  0.13865341 -0.00195728  0.20865735 -0.05750419 -0.03787594
  0.26734735 -0.12747439 -0.03827726 -0.06914816 -0.00089411  0.10505555
  0.25384256 -0.08241331 -0.13323599  0.3120089   0.1778091  -0.20434942
  0.09277168  0.14792202  0.14529823 -0.19939389  0.15630319 -0.21265277
  0.12899631  0.09274918]
1 x: [-0.17521259 -0.10986385 -0.21962739  0.50097062 -0.07523808  0.15769302
 -0.1976628   0.1210676  -0.03344527  0.19697485 -0.04711705 -0.09644269
  0.23468907 -0.12953361 -0.037558   -0.0819535   0.00948808  0.11132491
  0.2548883  -0.10868993 -0.12469739  0.29400474  0.1671497  -0.1839137
  0.08691632  0.14261981  0.12563334 -0.19160985  0.1359881  -0.24342232
  0.11789371  0.09135446]
2 x: [-0.19759564 -0.12842785 -0.23837084  0.49549725 -0.08842906  0.12748998
 -0.15163732  0.127574   -0.013809    0.20495071 -0.06631815 -0.05320815
  0.27529476 -0.12658082 -0.03250163 -0.06591934 -0.02598601  0.07939506
  0.23833852 -0.09047288 -0.15218889  0.30419967  0.16660382 -0.21800303
  0.08507367  0.13229872  0.13949722 -0.19388994  0.14304453 -0.21248368
  0.12097077  0.08220205]
3 x: [-0.19520516 -0.11440859 -0.23317052  0.4790495  -0.0718076   0.12566961
 -0.15354025  0.12855844 -0.0102267   0.19521662 -0.06197575 -0.04185674
  0.26288387 -0.13812165 -0.05157975 -0.07934267 -0.02035279  0.09881086
  0.23887383 -0.10360161 -0.14419591  0.29421944  0.17642352 -0.22702255
  0.08552452  0.13470056  0.12720534 -0.2188105   0.1480831  -0.22348317
  0.10916622  0.08290513]
4 x: [-0.16990165 -0.09537911 -0.22023616  0.50086638 -0.05311272  0.14898978
 -0.13491317  0.14803742  0.00191058  0.21492143 -0.03869501 -0.01947045
  0.2757299  -0.12032629 -0.02937777 -0.06478176  0.00591685  0.11529841
  0.26194338 -0.06493778 -0.12746162  0.31880953  0.19355681 -0.18273694
  0.10513756  0.15543205  0.1480773  -0.19148722  0.17179025 -0.20420657
  0.13098077  0.1015675 ]
5 x: [-0.19220707 -0.12364674 -0.22274483  0.4933643  -0.07123803  0.14995295
 -0.15643252  0.1407282   0.01043622  0.19616641 -0.06591857 -0.04180004
  0.25760921 -0.13279542 -0.02760914 -0.0911567  -0.00964441  0.10190878
  0.2614994  -0.093677   -0.1416005   0.30811562  0.16670649 -0.21710795
  0.09163699  0.14897646  0.14203856 -0.21245962  0.15819995 -0.22284584
  0.11436353  0.0794988 ]
6 x: [-0.19111534 -0.10917592 -0.20867916  0.485493   -0.02213327  0.15580898
 -0.15563425  0.14716302 -0.00145402  0.22673329 -0.08099712 -0.0237629
  0.26839191 -0.12623893 -0.05291804 -0.04286609  0.00864695  0.11428204
  0.24401129 -0.06517439 -0.1350808   0.33176429  0.18792732 -0.20994807
  0.07619278  0.14274203  0.17114159 -0.20219798  0.16982079 -0.20434341
  0.14223963  0.08868499]
7 x: [-0.18432728 -0.09648343 -0.20990503  0.50561713 -0.05361279  0.15860373
 -0.13047759  0.14152348  0.01430426  0.21697297 -0.0437667  -0.00796777
  0.28794066 -0.12341481 -0.04150874 -0.06278023  0.01311276  0.10099773
  0.26390026 -0.06613779 -0.12508762  0.32838847  0.17363342 -0.20210855
  0.10766703  0.16037824  0.15799899 -0.19038127  0.16028903 -0.182285
  0.15204393  0.11158228]
Agent reg error:  0.04731754693063059
Agent sum error:  0.27998326805557067
Error after aggregation:  1.274777663475971

Iteration 18000
0 x: [-0.18920099 -0.11623795 -0.23501258  0.51458399 -0.06125749  0.15292955
 -0.15902474  0.14761992 -0.01199929  0.20207504 -0.05537527 -0.04538286
  0.28028737 -0.12988164 -0.0502259  -0.06669485 -0.00137347  0.11463951
  0.26207282 -0.08116451 -0.12756833  0.31530352  0.17748891 -0.20990295
  0.10013057  0.14737682  0.15670666 -0.21583093  0.15727203 -0.2304118
  0.1396744   0.090288  ]
1 x: [-0.17970323 -0.11733869 -0.23421461  0.52040811 -0.0740784   0.16334325
 -0.20133915  0.13063764 -0.04238516  0.1909904  -0.04532668 -0.10208256
  0.24881563 -0.13196659 -0.04928781 -0.07917904  0.0088779   0.12101583
  0.26334765 -0.10668259 -0.11942775  0.2980755   0.16735713 -0.18988152
  0.09456603  0.14251821  0.13767928 -0.20837432  0.13789456 -0.2602971
  0.12899576  0.08908311]
2 x: [-0.20190963 -0.13571111 -0.25277143  0.51472827 -0.08733202  0.13344009
 -0.15730723  0.13642469 -0.02398414  0.19806806 -0.06450445 -0.06067552
  0.28763055 -0.12948844 -0.04530532 -0.0643414  -0.02621722  0.08937024
  0.24681493 -0.08925574 -0.14641582  0.30724536  0.16644578 -0.22350025
  0.09200903  0.13204442  0.15043692 -0.2109111   0.14428479 -0.23068288
  0.13153662  0.07952493]
3 x: [-0.19878774 -0.1216683  -0.24778314  0.49862651 -0.07117454  0.13223193
 -0.15825772  0.13776422 -0.01979931  0.18916353 -0.06008212 -0.04974422
  0.27619303 -0.13988674 -0.06244991 -0.07679977 -0.02044418  0.10918793
  0.24795604 -0.10167349 -0.13803639  0.29809721  0.17566644 -0.23146202
  0.09340889  0.13407345  0.13918884 -0.23414933  0.1490657  -0.24149506
  0.12021235  0.08039294]
4 x: [-0.17417864 -0.1030554  -0.23497359  0.52028495 -0.05261151  0.15530794
 -0.14037414  0.1568581  -0.0078558   0.20844366 -0.03687371 -0.02737589
  0.28878258 -0.12296042 -0.04129144 -0.06231466  0.00525027  0.12488147
  0.27020188 -0.06413818 -0.12163401  0.3221757   0.19306217 -0.1887822
  0.11240735  0.15485881  0.15962949 -0.20809734  0.17269729 -0.22201219
  0.14189906  0.09922545]
5 x: [-0.19587728 -0.13003272 -0.23759638  0.51228411 -0.06993709  0.15536538
 -0.16212998  0.14873051 -0.00124631  0.19042757 -0.06324571 -0.04927102
  0.27065255 -0.13508051 -0.04092514 -0.08700364 -0.00984963  0.11152564
  0.26863419 -0.09182927 -0.13570646  0.31170272  0.16705436 -0.22193923
  0.09871954  0.1478706   0.15345235 -0.22796271  0.15899284 -0.23963948
  0.12588523  0.07820214]
6 x: [-0.19452836 -0.11737292 -0.22324441  0.50528448 -0.02254249  0.16184602
 -0.16034215  0.15688497 -0.01118731  0.21900926 -0.07759038 -0.03132969
  0.28080651 -0.12822165 -0.06343804 -0.04103133  0.0083288   0.12315905
  0.25211235 -0.0645472  -0.12893917  0.3334579   0.18757598 -0.21543604
  0.08419403  0.14306096  0.18198713 -0.21915941  0.17041032 -0.22249939
  0.15202721  0.08601507]
7 x: [-0.18870398 -0.1039865  -0.22495575  0.52495353 -0.05362481  0.16430595
 -0.13600291  0.15052002  0.0043849   0.2102809  -0.04175344 -0.01587235
  0.30077838 -0.12624866 -0.05372764 -0.06088728  0.01265263  0.11065674
  0.27232011 -0.06548311 -0.12002684  0.3318945   0.17324643 -0.20827721
  0.11520259  0.15961896  0.16930051 -0.20679433  0.1611194  -0.20032536
  0.16251075  0.10869539]
Agent reg error:  0.04470040948883304
Agent sum error:  0.26612080402193716
Error after aggregation:  1.219257534117757

Result
[-0.19036123 -0.11817545 -0.23631899  0.51389424 -0.06156979  0.15234626
 -0.15934725  0.14568001 -0.01425905  0.2010573  -0.05559397 -0.04771676
  0.27924332 -0.13046683 -0.0508314  -0.06728149 -0.00284686  0.11305455
  0.2604325  -0.08309676 -0.12971934  0.31474405  0.17598715 -0.21114768
  0.09882975  0.14517778  0.15604765 -0.21640993  0.15646712 -0.23092041
  0.13784267  0.08892838]
