Graph matrix adjacency:
[[False  True  True  True  True  True  True  True]
 [ True False False False False False False False]
 [ True False False False False False False False]
 [ True False False False False False False False]
 [ True False False False False False False False]
 [ True False False False False False False False]
 [ True False False False False False False False]
 [ True False False False False False False False]]

Triangles
0 x: [0.00810463 0.01808966 0.01420796 0.01099768 0.00824206 0.00350372
 0.00371397 0.01536038 0.01268426 0.01742833 0.00228054 0.01824309
 0.01717271 0.00333059 0.008547   0.00418476]
1 x: [0.06370165 0.39465329 0.45524303 0.37860573 0.18708938 0.1007208
 0.31646229 0.24044031 0.05519819 0.21277909 0.01694642 0.38836609
 0.13084162 0.28531468 0.18234586 0.23383101]
2 x: [0.72541695 0.67144303 0.29253803 0.39281508 0.24978969 0.6559297
 0.84545402 0.53202729 0.62266541 0.68427516 0.39058649 0.81523812
 0.86682858 0.42455584 0.69467322 0.39554179]
3 x: [0.39199119 0.33807583 0.23434941 0.32963977 0.2972646  0.1312406
 0.35778542 0.24771453 0.38531062 0.35264223 0.15698866 0.11501916
 0.10606012 0.16394245 0.32806728 0.33098778]
4 x: [0.15330387 0.33572876 0.57746296 0.40055237 0.10119055 0.35492623
 1.05928305 0.32555244 0.39720966 0.69158251 0.74086885 0.7286841
 0.9478706  0.55438595 0.43237583 0.56733055]
5 x: [0.52376231 0.50305761 0.77648691 0.33192198 0.21362718 0.46741846
 0.61658324 0.52701047 0.14802213 0.61822055 0.73887814 0.28357386
 0.51478344 0.23145123 0.36373308 0.53088908]
6 x: [0.22962222 0.19405237 0.19982556 0.2320896  0.31944832 0.27422815
 0.37283591 0.24715883 0.23044207 0.17611993 0.17571012 0.4041587
 0.29027794 0.12015509 0.04517918 0.24466518]
7 x: [0.68956396 0.68514596 1.07945217 0.43641614 0.51866823 0.89176062
 0.69919894 0.84024935 0.88095852 0.76945443 0.28002716 0.63319609
 0.64736551 0.1951941  0.46586227 0.4197442 ]
Agent reg error:  26.061864353624866
Agent sum error:  203.17488111719965
Error after aggregation:  92.52138937878885

Y [0.00810463 0.01808966 0.01420796 0.01099768 0.00824206 0.00350372
 0.00371397 0.01536038 0.01268426 0.01742833 0.00228054 0.01824309
 0.01717271 0.00333059 0.008547   0.00418476]
U [0.009913   0.02212472 0.01737733 0.01345058 0.01008357 0.00428556
 0.00454391 0.01878599 0.01551432 0.02131816 0.00279033 0.02231225
 0.021004   0.00407309 0.01045642 0.0051186 ]
X [0.00922226 0.02058347 0.01616674 0.01251365 0.00938017 0.00398692
 0.0042269  0.01747753 0.01443333 0.01983238 0.0025956  0.02075797
 0.01954058 0.00378948 0.00972709 0.00476191]
alpha 1.618033988749895e-30
A 2.618033988749895e-30
Y [0.06370165 0.39465329 0.45524303 0.37860573 0.18708938 0.1007208
 0.31646229 0.24044031 0.05519819 0.21277909 0.01694642 0.38836609
 0.13084162 0.28531468 0.18234586 0.23383101]
U [-0.47569891 -0.64108911 -1.28418979 -1.0455158  -0.91737649 -0.77403957
 -0.83789727 -0.97335362 -0.13477383 -0.41500815 -0.05438207 -0.73415871
 -0.44831092 -0.56264462 -0.83150746 -0.55788154]
X [-0.26966623 -0.24547072 -0.61978557 -0.50154978 -0.49550807 -0.43991084
 -0.39697115 -0.50972559 -0.06221097 -0.17521476 -0.02713701 -0.30539239
 -0.22709433 -0.23875299 -0.44424995 -0.25547426]
alpha 1.618033988749895e-30
A 2.618033988749895e-30
Y [0.72541695 0.67144303 0.29253803 0.39281508 0.24978969 0.6559297
 0.84545402 0.53202729 0.62266541 0.68427516 0.39058649 0.81523812
 0.86682858 0.42455584 0.69467322 0.39554179]
U [-1.73591717 -1.77092703 -0.71608974 -1.31755887 -0.58485924 -1.99527546
 -2.28151453 -1.26888336 -1.35318767 -1.9571678  -1.25735466 -2.19089238
 -2.32729008 -0.96347012 -1.71429218 -0.92485698]
X [-0.79577119 -0.83802468 -0.33082821 -0.66425415 -0.26605172 -0.9826052
 -1.08711882 -0.5809967  -0.59847895 -0.94822637 -0.62789715 -1.04265271
 -1.10724532 -0.43329138 -0.79414927 -0.42050953]
alpha 1.618033988749895e-30
A 2.618033988749895e-30
Y [0.39199119 0.33807583 0.23434941 0.32963977 0.2972646  0.1312406
 0.35778542 0.24771453 0.38531062 0.35264223 0.15698866 0.11501916
 0.10606012 0.16394245 0.32806728 0.33098778]
U [-1.10289913 -0.94458108 -0.57773621 -0.83316281 -0.7326081  -0.50043819
 -0.96038262 -0.74764002 -1.19604973 -0.92936325 -0.49885725 -0.49482161
 -0.32324758 -0.42099431 -0.88104023 -0.85160694]
X [-0.53190184 -0.45464973 -0.2675471  -0.38901175 -0.33923173 -0.25915836
 -0.45688724 -0.36744841 -0.59202382 -0.43968073 -0.2483464  -0.26188316
 -0.15926663 -0.19756835 -0.41920225 -0.39989595]
alpha 1.618033988749895e-30
A 2.618033988749895e-30
Y [0.15330387 0.33572876 0.57746296 0.40055237 0.10119055 0.35492623
 1.05928305 0.32555244 0.39720966 0.69158251 0.74086885 0.7286841
 0.9478706  0.55438595 0.43237583 0.56733055]
U [-0.39209101 -0.72032023 -1.36769974 -0.96751776 -0.22662227 -0.81799856
 -2.45939541 -0.74652375 -0.87609702 -1.58128035 -1.80271148 -1.60160701
 -2.16758105 -1.35462654 -0.97249767 -1.3741908 ]
X [-0.1837687  -0.31694541 -0.6247137  -0.44496147 -0.10140892 -0.36998116
 -1.11537984 -0.33702708 -0.38973714 -0.71312399 -0.83115025 -0.71151501
 -0.97758441 -0.62544866 -0.43588375 -0.63259564]
alpha 1.618033988749895e-30
A 2.618033988749895e-30
Y [0.52376231 0.50305761 0.77648691 0.33192198 0.21362718 0.46741846
 0.61658324 0.52701047 0.14802213 0.61822055 0.73887814 0.28357386
 0.51478344 0.23145123 0.36373308 0.53088908]
U [-1.2362773  -1.05434069 -1.79070597 -0.63912378 -0.53271657 -0.86149025
 -1.50886165 -1.33146473 -0.37950751 -1.38447581 -1.66834533 -0.75638093
 -1.14326566 -0.51580857 -0.6726967  -1.34771288]
X [-0.56400199 -0.45946747 -0.81012554 -0.2682173  -0.24763863 -0.35389229
 -0.69701394 -0.62159037 -0.17800912 -0.61951387 -0.74886778 -0.35915355
 -0.50994726 -0.23038073 -0.27681575 -0.63015079]
alpha 1.618033988749895e-30
A 2.618033988749895e-30
Y [0.22962222 0.19405237 0.19982556 0.2320896  0.31944832 0.27422815
 0.37283591 0.24715883 0.23044207 0.17611993 0.17571012 0.4041587
 0.29027794 0.12015509 0.04517918 0.24466518]
U [-0.64166779 -0.54032188 -0.55162928 -0.64001698 -0.88465741 -0.76360141
 -1.03311171 -0.68778861 -0.63997299 -0.48291782 -0.48297776 -1.11894499
 -0.80306392 -0.3287287  -0.12509772 -0.6791961 ]
X [-0.30886462 -0.25981588 -0.26459907 -0.30690191 -0.42472995 -0.36718579
 -0.4960875  -0.33067047 -0.30750402 -0.2311878  -0.23138138 -0.53717115
 -0.38544449 -0.15727035 -0.06005773 -0.32631249]
alpha 1.618033988749895e-30
A 2.618033988749895e-30
Y [0.68956396 0.68514596 1.07945217 0.43641614 0.51866823 0.89176062
 0.69919894 0.84024935 0.88095852 0.76945443 0.28002716 0.63319609
 0.64736551 0.1951941  0.46586227 0.4197442 ]
U [-2.68554596 -2.68207404 -3.81134969 -1.54110655 -1.53253172 -3.27018791
 -2.3529235  -3.146074   -3.26336652 -2.85831809 -1.0289641  -2.12893399
 -2.49882042 -0.79591707 -1.48612822 -1.62368191]
X [-1.39636869 -1.39591045 -1.94322961 -0.78576009 -0.74904305 -1.68046503
 -1.18711647 -1.62343397 -1.68037522 -1.47263229 -0.52897393 -1.07389418
 -1.29708433 -0.41734629 -0.7405342  -0.84316259]
alpha 1.618033988749895e-30
A 2.618033988749895e-30
0 x: [0.00922226 0.02058347 0.01616674 0.01251365 0.00938017 0.00398692
 0.0042269  0.01747753 0.01443333 0.01983238 0.0025956  0.02075797
 0.01954058 0.00378948 0.00972709 0.00476191]
1 x: [-0.26966623 -0.24547072 -0.61978557 -0.50154978 -0.49550807 -0.43991084
 -0.39697115 -0.50972559 -0.06221097 -0.17521476 -0.02713701 -0.30539239
 -0.22709433 -0.23875299 -0.44424995 -0.25547426]
2 x: [-0.79577119 -0.83802468 -0.33082821 -0.66425415 -0.26605172 -0.9826052
 -1.08711882 -0.5809967  -0.59847895 -0.94822637 -0.62789715 -1.04265271
 -1.10724532 -0.43329138 -0.79414927 -0.42050953]
3 x: [-0.53190184 -0.45464973 -0.2675471  -0.38901175 -0.33923173 -0.25915836
 -0.45688724 -0.36744841 -0.59202382 -0.43968073 -0.2483464  -0.26188316
 -0.15926663 -0.19756835 -0.41920225 -0.39989595]
4 x: [-0.1837687  -0.31694541 -0.6247137  -0.44496147 -0.10140892 -0.36998116
 -1.11537984 -0.33702708 -0.38973714 -0.71312399 -0.83115025 -0.71151501
 -0.97758441 -0.62544866 -0.43588375 -0.63259564]
5 x: [-0.56400199 -0.45946747 -0.81012554 -0.2682173  -0.24763863 -0.35389229
 -0.69701394 -0.62159037 -0.17800912 -0.61951387 -0.74886778 -0.35915355
 -0.50994726 -0.23038073 -0.27681575 -0.63015079]
6 x: [-0.30886462 -0.25981588 -0.26459907 -0.30690191 -0.42472995 -0.36718579
 -0.4960875  -0.33067047 -0.30750402 -0.2311878  -0.23138138 -0.53717115
 -0.38544449 -0.15727035 -0.06005773 -0.32631249]
7 x: [-1.39636869 -1.39591045 -1.94322961 -0.78576009 -0.74904305 -1.68046503
 -1.18711647 -1.62343397 -1.68037522 -1.47263229 -0.52897393 -1.07389418
 -1.29708433 -0.41734629 -0.7405342  -0.84316259]
Agent reg error:  320.09403633911273
Agent sum error:  939.3398688169226
Error after aggregation:  343.1686376039001

Iteration 0
Y [0.04526942 0.12438035 0.10523155 0.06641473 0.04625102 0.01930602
 0.08562704 0.0628141  0.07872971 0.11308741 0.03609795 0.11521298
 0.10156442 0.05876211 0.07864144 0.05505542]
U [0.04406114 0.12922074 0.10812081 0.06619722 0.04479593 0.01591252
 0.08705766 0.06101376 0.08009327 0.11660376 0.03592951 0.11733104
 0.10426268 0.06130544 0.08153411 0.05552921]
X [0.04526876 0.12438181 0.10523227 0.0664144  0.0462503  0.01930456
 0.08562721 0.06281316 0.07872994 0.11308836 0.03609769 0.11521341
 0.1015651  0.05876286 0.07864231 0.05505537]
alpha 5.248666297201619e-29
A 2.7548497899380163e-27
Y [-0.0072309   0.15124742  0.05827395  0.03494399 -0.02934531 -0.06231486
  0.05964664 -0.00386638  0.07065956  0.11275545  0.03026106  0.12892005
  0.06926037  0.06547651  0.00763493  0.0465802 ]
U [-0.00629763  0.1535179   0.05803274  0.03181703 -0.03109991 -0.06412933
  0.06061235 -0.00576735  0.07452157  0.11705212  0.03244325  0.1291938
  0.07401969  0.0655562   0.01063931  0.04624439]
X [-0.00723099  0.15124815  0.05827414  0.03494312 -0.02934584 -0.06231574
  0.05964671 -0.00386715  0.07066027  0.11275647  0.03026124  0.12891993
  0.0692615   0.06547668  0.00763602  0.04657994]
alpha 5.248666297201619e-29
A 2.7548497899380163e-27
Y [0.09608928 0.14139484 0.1146025  0.04555444 0.06458824 0.01693533
 0.10805825 0.09983445 0.13429325 0.11383287 0.02254394 0.13676842
 0.12518497 0.0894698  0.11519681 0.08180675]
U [0.09262662 0.1455395  0.11966878 0.04616468 0.06389902 0.01225275
 0.10829715 0.09784146 0.13433532 0.1170098  0.02249763 0.13780305
 0.12597266 0.09112113 0.11602092 0.08239834]
X [0.09608848 0.14139654 0.11460378 0.04555456 0.06458774 0.01693401
 0.10805864 0.09983368 0.13429347 0.11383419 0.02254397 0.13676908
 0.12518575 0.08947057 0.11519759 0.08180688]
alpha 5.248666297201619e-29
A 2.7548497899380163e-27
Y [ 0.01321989  0.08780034  0.09568907  0.05846855  0.04558145 -0.01940013
  0.06039412  0.03017069  0.01792152  0.08952556  0.00802197  0.05859476
  0.07825505  0.04859387  0.05506231  0.04306659]
U [ 0.00919597  0.09165879  0.09995299  0.05726226  0.04302289 -0.02266485
  0.06150781  0.02800337  0.01609643  0.09252017  0.00770776  0.0623835
  0.08335064  0.05125036  0.05630362  0.04218897]
X [ 0.01321884  0.08780178  0.09569008  0.05846807  0.04558052 -0.01940142
  0.06039433  0.03016982  0.01792145  0.08952652  0.00802181  0.05859573
  0.07825625  0.04859469  0.05506294  0.04306633]
alpha 5.248666297201619e-29
A 2.7548497899380163e-27
Y [0.05021528 0.13093704 0.12559205 0.08294241 0.05025064 0.03911163
 0.13398269 0.07785821 0.0942487  0.13966793 0.07096465 0.14663397
 0.14352181 0.08045594 0.09418911 0.07954104]
U [0.05147767 0.13603473 0.12856383 0.08341508 0.05043765 0.03576326
 0.13150474 0.07695812 0.09495876 0.14143569 0.06885747 0.14583415
 0.14207204 0.08197185 0.09597273 0.07945624]
X [0.05021518 0.13093869 0.12559316 0.08294247 0.05025024 0.03911033
 0.13398271 0.07785758 0.09424898 0.13966893 0.07096453 0.14663415
 0.1435222  0.0804569  0.09418995 0.07954126]
alpha 5.248666297201619e-29
A 2.7548497899380163e-27
Y [0.05692708 0.14909665 0.12364454 0.09681557 0.04539006 0.07564406
 0.08416748 0.05891634 0.07062008 0.13207641 0.06623623 0.09784896
 0.11860304 0.06361307 0.11327325 0.04768928]
U [0.0539914  0.15345204 0.12374689 0.09692302 0.04457542 0.07115092
 0.08464005 0.05595425 0.07401713 0.13429231 0.06196239 0.10194983
 0.12079313 0.06633837 0.11591391 0.04628924]
X [0.0569264  0.14909833 0.12364525 0.09681546 0.04538958 0.07564257
 0.08416788 0.05891553 0.07062081 0.13207752 0.06623565 0.09784997
 0.11860394 0.06361401 0.11327422 0.04768923]
alpha 5.248666297201619e-29
A 2.7548497899380163e-27
Y [0.03185275 0.09866392 0.07199445 0.03401064 0.01350901 0.00151836
 0.04177008 0.04271881 0.05311153 0.07508956 0.00823304 0.06562289
 0.06187425 0.03209756 0.06583703 0.02950622]
U [ 0.03168146  0.10522074  0.07529008  0.03233328  0.00931316 -0.00211548
  0.04186568  0.04153946  0.05458579  0.07846398  0.00660571  0.06550198
  0.06362058  0.0336494   0.070942    0.02944037]
X [0.03185258 0.09866594 0.07199533 0.03401008 0.01350793 0.00151711
 0.04177023 0.04271822 0.05311198 0.07509045 0.00823249 0.06562313
 0.0618749  0.03209809 0.06583832 0.02950625]
alpha 5.248666297201619e-29
A 2.7548497899380163e-27
Y [0.04059335 0.10814125 0.13502519 0.07824115 0.09679458 0.03954986
 0.11557788 0.07154172 0.0877827  0.11486696 0.03857584 0.14086285
 0.09232196 0.04735615 0.10504671 0.05002312]
U [0.03749181 0.11209671 0.13442597 0.07815649 0.09419398 0.03276801
 0.11667856 0.06740216 0.08619918 0.11715744 0.03901205 0.14303524
 0.09452533 0.0507814  0.10754236 0.05052045]
X [0.04059171 0.10814197 0.13502451 0.07824053 0.09679338 0.03954704
 0.11557754 0.07153965 0.0877817  0.1148671  0.03857547 0.14086288
 0.092322   0.0473569  0.10504722 0.0500227 ]
alpha 5.248666297201619e-29
A 2.7548497899380163e-27
0 x: [0.04526876 0.12438181 0.10523227 0.0664144  0.0462503  0.01930456
 0.08562721 0.06281316 0.07872994 0.11308836 0.03609769 0.11521341
 0.1015651  0.05876286 0.07864231 0.05505537]
1 x: [-0.00723099  0.15124815  0.05827414  0.03494312 -0.02934584 -0.06231574
  0.05964671 -0.00386715  0.07066027  0.11275647  0.03026124  0.12891993
  0.0692615   0.06547668  0.00763602  0.04657994]
2 x: [0.09608848 0.14139654 0.11460378 0.04555456 0.06458774 0.01693401
 0.10805864 0.09983368 0.13429347 0.11383419 0.02254397 0.13676908
 0.12518575 0.08947057 0.11519759 0.08180688]
3 x: [ 0.01321884  0.08780178  0.09569008  0.05846807  0.04558052 -0.01940142
  0.06039433  0.03016982  0.01792145  0.08952652  0.00802181  0.05859573
  0.07825625  0.04859469  0.05506294  0.04306633]
4 x: [0.05021518 0.13093869 0.12559316 0.08294247 0.05025024 0.03911033
 0.13398271 0.07785758 0.09424898 0.13966893 0.07096453 0.14663415
 0.1435222  0.0804569  0.09418995 0.07954126]
5 x: [0.0569264  0.14909833 0.12364525 0.09681546 0.04538958 0.07564257
 0.08416788 0.05891553 0.07062081 0.13207752 0.06623565 0.09784997
 0.11860394 0.06361401 0.11327422 0.04768923]
6 x: [0.03185258 0.09866594 0.07199533 0.03401008 0.01350793 0.00151711
 0.04177023 0.04271822 0.05311198 0.07509045 0.00823249 0.06562313
 0.0618749  0.03209809 0.06583832 0.02950625]
7 x: [0.04059171 0.10814197 0.13502451 0.07824053 0.09679338 0.03954704
 0.11557754 0.07153965 0.0877817  0.1148671  0.03857547 0.14086288
 0.092322   0.0473569  0.10504722 0.0500227 ]
Agent reg error:  0.11164631198996022
Agent sum error:  0.23438611025760756
Error after aggregation:  0.9193298444014861

Iteration 100
Y [0.04327805 0.130301   0.10849732 0.06564951 0.04395591 0.01437876
 0.08691513 0.05989969 0.08008137 0.11717555 0.03553309 0.11740137
 0.10463897 0.06183688 0.08217224 0.05527426]
U [0.04163059 0.13433777 0.11058657 0.06481977 0.0420897  0.0105831
 0.08752073 0.05750449 0.08082789 0.11983387 0.0349372  0.11864718
 0.10660697 0.06389985 0.08458313 0.0552092 ]
X [0.04327788 0.13030135 0.10849749 0.0656494  0.04395571 0.01437838
 0.08691515 0.05989943 0.08008142 0.11717576 0.03553301 0.11740145
 0.10463912 0.06183705 0.08217245 0.05527423]
alpha 1.0265436440893092e-28
A 1.0537918532201628e-26
Y [-0.00686022  0.15405339  0.05841492  0.03123557 -0.03154163 -0.0652193
  0.06032568 -0.00662135  0.07441033  0.11737546  0.03195775  0.12880397
  0.07439675  0.06583167  0.01159161  0.04582549]
U [-0.00705205  0.15603549  0.05888976  0.02887202 -0.03299541 -0.0675595
  0.06054282 -0.0086854   0.07635416  0.12014224  0.03250541  0.1285051
  0.0774909   0.06628074  0.01452466  0.04514477]
X [-0.00686028  0.15405358  0.05841502  0.03123541 -0.03154174 -0.06521953
  0.06032569 -0.00662153  0.07441042  0.11737565  0.03195773  0.12880393
  0.07439697  0.06583174  0.0115919   0.04582542]
alpha 1.0265436440893092e-28
A 1.0537918532201628e-26
Y [0.09174524 0.14666672 0.11997974 0.04570055 0.06296168 0.01076098
 0.10816581 0.0966168  0.13422831 0.11767958 0.02215099 0.1379122
 0.12638334 0.09163566 0.11662132 0.08207062]
U [0.08858692 0.1502232  0.12305083 0.04532377 0.06131496 0.00615187
 0.10794166 0.09383432 0.13398357 0.12010738 0.0215869  0.13843025
 0.12716152 0.09310391 0.11771339 0.08187792]
X [0.09174496 0.14666704 0.11997994 0.04570047 0.06296147 0.01076056
 0.10816578 0.0966165  0.13422827 0.11767978 0.02215092 0.13791223
 0.12638343 0.09163579 0.11662144 0.08207056]
alpha 1.0265436440893092e-28
A 1.0537918532201628e-26
Y [ 0.00844691  0.09282141  0.10018875  0.05659769  0.04201083 -0.02404974
  0.06129625  0.02695691  0.0163947   0.09306304  0.0073945   0.06272929
  0.08370199  0.05175394  0.05690754  0.04184215]
U [ 0.0053106   0.09641458  0.10279707  0.05507939  0.03931967 -0.02761843
  0.06162412  0.02442053  0.01579275  0.09538201  0.006815    0.06520225
  0.08690647  0.05383906  0.05837795  0.04092147]
X [ 0.00844667  0.09282175  0.10018893  0.05659754  0.04201057 -0.02405009
  0.06129626  0.02695666  0.01639472  0.09306324  0.00739444  0.06272947
  0.08370221  0.05175411  0.05690771  0.04184208]
alpha 1.0265436440893092e-28
A 1.0537918532201628e-26
Y [0.05071335 0.13716945 0.12928174 0.08311402 0.04954028 0.03428884
 0.13192166 0.07589818 0.09504214 0.14235246 0.0690031  0.14611753
 0.14289749 0.08296811 0.09673645 0.07959018]
U [0.05033142 0.14126041 0.1315694  0.08279146 0.04842772 0.03041841
 0.13068538 0.07389363 0.09537162 0.14420613 0.06773458 0.14575814
 0.14280424 0.08483393 0.09852657 0.07946863]
X [0.05071323 0.13716977 0.12928189 0.08311392 0.04954011 0.03428843
 0.13192154 0.07589792 0.09504213 0.14235259 0.06900297 0.14611747
 0.14289749 0.08296827 0.0967366  0.07959013]
alpha 1.0265436440893092e-28
A 1.0537918532201628e-26
Y [0.05355941 0.15488868 0.12475292 0.09653764 0.0438426  0.0697857
 0.08496424 0.0552374  0.07407428 0.13534791 0.06213551 0.1022213
 0.12150511 0.0670503  0.11670778 0.04649243]
U [0.05121063 0.15891887 0.12581181 0.0959671  0.04235725 0.06543072
 0.08538704 0.05248322 0.07591258 0.13767128 0.05977383 0.10465213
 0.12341856 0.06935152 0.11905137 0.04577654]
X [0.05355918 0.15488902 0.12475302 0.09653753 0.04384241 0.06978527
 0.08496424 0.05523711 0.07407437 0.13534809 0.06213534 0.10222143
 0.12150525 0.06705048 0.11670797 0.04649236]
alpha 1.0265436440893092e-28
A 1.0537918532201628e-26
Y [ 0.03129529  0.10658375  0.07564624  0.0317404   0.00864475 -0.00332549
  0.04194141  0.04069504  0.05479812  0.07883257  0.00604788  0.06580072
  0.06408182  0.03402107  0.07151304  0.02940644]
U [ 0.03070537  0.11188842  0.07787991  0.03004937  0.00550755 -0.00685788
  0.04208637  0.03895507  0.05586442  0.08111771  0.00444092  0.06611238
  0.06562289  0.03533186  0.07501612  0.02932178]
X [ 0.03129523  0.1065842   0.07564641  0.03174024  0.00864452 -0.00332581
  0.04194144  0.04069486  0.05479821  0.07883274  0.00604774  0.06580078
  0.06408196  0.03402118  0.0715133   0.02940644]
alpha 1.0265436440893092e-28
A 1.0537918532201628e-26
Y [0.03691821 0.11346515 0.13542223 0.0778085  0.09370121 0.03160928
 0.11689542 0.06662719 0.08662326 0.11811044 0.03868416 0.14345468
 0.09512401 0.05137415 0.10844296 0.0503958 ]
U [0.03478022 0.11765127 0.13678627 0.07745656 0.09181229 0.02678391
 0.11801031 0.06370665 0.08665462 0.12087138 0.03859789 0.1453814
 0.09735033 0.05406752 0.11112285 0.05066441]
X [0.03691802 0.11346552 0.1354224  0.07780843 0.09370104 0.03160887
 0.1168955  0.06662693 0.0866233  0.11811069 0.03868411 0.14345482
 0.0951242  0.05137436 0.1084432  0.0503958 ]
alpha 1.0265436440893092e-28
A 1.0537918532201628e-26
0 x: [0.04327788 0.13030135 0.10849749 0.0656494  0.04395571 0.01437838
 0.08691515 0.05989943 0.08008142 0.11717576 0.03553301 0.11740145
 0.10463912 0.06183705 0.08217245 0.05527423]
1 x: [-0.00686028  0.15405358  0.05841502  0.03123541 -0.03154174 -0.06521953
  0.06032569 -0.00662153  0.07441042  0.11737565  0.03195773  0.12880393
  0.07439697  0.06583174  0.0115919   0.04582542]
2 x: [0.09174496 0.14666704 0.11997994 0.04570047 0.06296147 0.01076056
 0.10816578 0.0966165  0.13422827 0.11767978 0.02215092 0.13791223
 0.12638343 0.09163579 0.11662144 0.08207056]
3 x: [ 0.00844667  0.09282175  0.10018893  0.05659754  0.04201057 -0.02405009
  0.06129626  0.02695666  0.01639472  0.09306324  0.00739444  0.06272947
  0.08370221  0.05175411  0.05690771  0.04184208]
4 x: [0.05071323 0.13716977 0.12928189 0.08311392 0.04954011 0.03428843
 0.13192154 0.07589792 0.09504213 0.14235259 0.06900297 0.14611747
 0.14289749 0.08296827 0.0967366  0.07959013]
5 x: [0.05355918 0.15488902 0.12475302 0.09653753 0.04384241 0.06978527
 0.08496424 0.05523711 0.07407437 0.13534809 0.06213534 0.10222143
 0.12150525 0.06705048 0.11670797 0.04649236]
6 x: [ 0.03129523  0.1065842   0.07564641  0.03174024  0.00864452 -0.00332581
  0.04194144  0.04069486  0.05479821  0.07883274  0.00604774  0.06580078
  0.06408196  0.03402118  0.0715133   0.02940644]
7 x: [0.03691802 0.11346552 0.1354224  0.07780843 0.09370104 0.03160887
 0.1168955  0.06662693 0.0866233  0.11811069 0.03868411 0.14345482
 0.0951242  0.05137436 0.1084432  0.0503958 ]
Agent reg error:  0.11119351373702813
Agent sum error:  0.22337673049753268
Error after aggregation:  0.9000451519960333

Iteration 200
Y [0.041919   0.13340365 0.11006006 0.06490073 0.04242279 0.011321
 0.08728354 0.05792197 0.0805987  0.11916705 0.03499589 0.11826915
 0.10610466 0.06340333 0.08403283 0.05514684]
U [0.04017363 0.13715861 0.11190133 0.06387025 0.04045941 0.00746638
 0.08762277 0.0553756  0.0811612  0.12151658 0.03425684 0.11921904
 0.10782643 0.06527648 0.08629777 0.05490599]
X [0.04191892 0.1334038  0.11006013 0.06490068 0.0424227  0.01132083
 0.08728354 0.05792185 0.08059872 0.11916714 0.03499585 0.11826918
 0.10610472 0.0634034  0.08403292 0.05514682]
alpha 1.5275372911059814e-28
A 2.3333701757193796e-26
Y [-0.00713644  0.15563337  0.05897637  0.02952159 -0.03260103 -0.06710255
  0.06044645 -0.00822542  0.07569715  0.11938322  0.03216755  0.12853084
  0.07665352  0.06627238  0.01397082  0.0452703 ]
U [-0.00761356  0.15760027  0.05986051  0.02754627 -0.0338267  -0.0694785
  0.06053277 -0.0101949   0.07702621  0.12167548  0.03218742  0.12814173
  0.07924791  0.06690199  0.01698472  0.04455591]
X [-0.00713647  0.15563345  0.05897642  0.02952152 -0.03260107 -0.06710265
  0.06044644 -0.00822551  0.07569718  0.11938329  0.03216753  0.12853081
  0.07665361  0.06627242  0.01397095  0.04527026]
alpha 1.5275372911059814e-28
A 2.3333701757193796e-26
Y [0.08935392 0.14948613 0.12217399 0.04531837 0.06154265 0.00720682
 0.10802111 0.09434685 0.13404533 0.11958634 0.02168943 0.13834054
 0.12710387 0.09280822 0.11760605 0.08184208]
U [0.08653926 0.15303268 0.124664   0.04478133 0.05966962 0.00293996
 0.10792634 0.09148241 0.13385871 0.12198053 0.02112744 0.13893858
 0.12816266 0.09429399 0.11899907 0.08149559]
X [0.08935382 0.14948628 0.12217408 0.04531834 0.06154256 0.00720665
 0.10802112 0.09434672 0.13404532 0.11958644 0.02168941 0.13834058
 0.12710393 0.09280828 0.11760613 0.08184206]
alpha 1.5275372911059814e-28
A 2.3333701757193796e-26
Y [ 0.0061422   0.09568891  0.1020692   0.05538893  0.03989919 -0.02690506
  0.06149948  0.02492577  0.01614257  0.09485869  0.00691829  0.06451866
  0.08600251  0.05335004  0.05816598  0.04115192]
U [ 0.00347766  0.09928184  0.10421466  0.05388321  0.03730245 -0.03048194
  0.06169746  0.0223808   0.01607419  0.09705061  0.0063083   0.06655939
  0.08861023  0.05527544  0.05983995  0.04034056]
X [ 0.0061421   0.09568907  0.10206927  0.05538886  0.03989908 -0.02690521
  0.06149948  0.02492566  0.01614259  0.09485878  0.00691826  0.06451873
  0.0860026   0.05335011  0.05816606  0.04115189]
alpha 1.5275372911059814e-28
A 2.3333701757193796e-26
Y [0.05016369 0.14023293 0.13092357 0.08267957 0.04846059 0.03109564
 0.13095965 0.07410519 0.09519623 0.14373333 0.0680028  0.14578538
 0.14288047 0.08441234 0.09810794 0.07940298]
U [0.04922972 0.14386961 0.13281892 0.08197044 0.04691298 0.02701346
 0.12984355 0.07167634 0.09529578 0.14539338 0.06680951 0.14535852
 0.14297447 0.08620434 0.09979111 0.07910749]
X [0.05016363 0.14023307 0.13092364 0.08267953 0.0484605  0.03109546
 0.13095962 0.07410507 0.09519623 0.1437334  0.06800276 0.14578536
 0.14288049 0.08441242 0.09810802 0.07940296]
alpha 1.5275372911059814e-28
A 2.3333701757193796e-26
Y [0.05169803 0.15797001 0.12560902 0.09593308 0.04253388 0.06628408
 0.08519281 0.05299181 0.07529418 0.13710793 0.06041018 0.10386608
 0.12291057 0.06877823 0.11848626 0.04592919]
U [0.04941252 0.16170427 0.12673143 0.09502876 0.04077833 0.061896
 0.08539566 0.05016148 0.07656757 0.13923699 0.0584549  0.10562559
 0.12456483 0.07083339 0.12063151 0.04526135]
X [0.05169794 0.15797016 0.12560908 0.09593302 0.04253379 0.0662839
 0.08519281 0.05299169 0.07529421 0.13710802 0.06041012 0.10386612
 0.12291063 0.0687783  0.11848634 0.04592917]
alpha 1.5275372911059814e-28
A 2.3333701757193796e-26
Y [ 0.03080408  0.1106483   0.07729925  0.03041275  0.0063377  -0.00607791
  0.0421074   0.03926548  0.05561784  0.08051002  0.00479266  0.06615092
  0.06531503  0.035036    0.07408786  0.02936393]
U [ 0.03017446  0.11555787  0.07923461  0.02877592  0.00366596 -0.00944333
  0.04237413  0.03743815  0.05661494  0.08245413  0.00325281  0.06670124
  0.06686677  0.03627229  0.07707978  0.02934021]
X [ 0.03080405  0.11064849  0.07729932  0.03041268  0.00633761 -0.00607804
  0.04210741  0.0392654   0.05561788  0.08051009  0.00479259  0.06615095
  0.0653151   0.03503605  0.07408796  0.02936393]
alpha 1.5275372911059814e-28
A 2.3333701757193796e-26
Y [0.03515606 0.11662016 0.13648162 0.07736099 0.09216816 0.02779927
 0.11759241 0.06423418 0.08662162 0.12014316 0.03846199 0.14477344
 0.09670877 0.05334714 0.11048453 0.05045121]
U [0.03284519 0.12032114 0.13770267 0.07659139 0.09019051 0.02301618
 0.11821224 0.06111521 0.08652992 0.12244842 0.03800058 0.14614632
 0.09844193 0.05561158 0.11290871 0.05032069]
X [0.03515595 0.1166203  0.13648167 0.07736094 0.09216807 0.02779907
 0.11759242 0.06423403 0.08662161 0.12014323 0.03846195 0.14477347
 0.09670883 0.05334721 0.11048462 0.05045119]
alpha 1.5275372911059814e-28
A 2.3333701757193796e-26
0 x: [0.04191892 0.1334038  0.11006013 0.06490068 0.0424227  0.01132083
 0.08728354 0.05792185 0.08059872 0.11916714 0.03499585 0.11826918
 0.10610472 0.0634034  0.08403292 0.05514682]
1 x: [-0.00713647  0.15563345  0.05897642  0.02952152 -0.03260107 -0.06710265
  0.06044644 -0.00822551  0.07569718  0.11938329  0.03216753  0.12853081
  0.07665361  0.06627242  0.01397095  0.04527026]
2 x: [0.08935382 0.14948628 0.12217408 0.04531834 0.06154256 0.00720665
 0.10802112 0.09434672 0.13404532 0.11958644 0.02168941 0.13834058
 0.12710393 0.09280828 0.11760613 0.08184206]
3 x: [ 0.0061421   0.09568907  0.10206927  0.05538886  0.03989908 -0.02690521
  0.06149948  0.02492566  0.01614259  0.09485878  0.00691826  0.06451873
  0.0860026   0.05335011  0.05816606  0.04115189]
4 x: [0.05016363 0.14023307 0.13092364 0.08267953 0.0484605  0.03109546
 0.13095962 0.07410507 0.09519623 0.1437334  0.06800276 0.14578536
 0.14288049 0.08441242 0.09810802 0.07940296]
5 x: [0.05169794 0.15797016 0.12560908 0.09593302 0.04253379 0.0662839
 0.08519281 0.05299169 0.07529421 0.13710802 0.06041012 0.10386612
 0.12291063 0.0687783  0.11848634 0.04592917]
6 x: [ 0.03080405  0.11064849  0.07729932  0.03041268  0.00633761 -0.00607804
  0.04210741  0.0392654   0.05561788  0.08051009  0.00479259  0.06615095
  0.0653151   0.03503605  0.07408796  0.02936393]
7 x: [0.03515595 0.1166203  0.13648167 0.07736094 0.09216807 0.02779907
 0.11759242 0.06423403 0.08662161 0.12014323 0.03846195 0.14477347
 0.09670883 0.05334721 0.11048462 0.05045119]
Agent reg error:  0.11046205816247713
Agent sum error:  0.21847840557915582
Error after aggregation:  0.8901508341159298

Iteration 300
Y [0.0409169  0.13549351 0.1110679  0.06428542 0.0412954  0.00912734
 0.08743903 0.05645447 0.08089061 0.12045327 0.03455608 0.11876432
 0.10704696 0.0644376  0.08530114 0.05498452]
U [0.03914364 0.13909671 0.1127799  0.06315833 0.03929818 0.00527249
 0.08765674 0.05384656 0.08136124 0.12263666 0.03375441 0.11956508
 0.10864808 0.0662071  0.08750252 0.054661  ]
X [0.04091685 0.13549359 0.11106794 0.06428539 0.04129535 0.00912725
 0.08743903 0.05645441 0.08089062 0.12045332 0.03455606 0.11876433
 0.107047   0.06443764 0.08530119 0.05498451]
alpha 2.0282460771046556e-28
A 4.1137821492903903e-26
Y [-0.00745193  0.15673791  0.05952261  0.02844212 -0.03327275 -0.06846208
  0.06046535 -0.00934042  0.07635967  0.12060624  0.03209972  0.12828478
  0.07804731  0.06664639  0.01568683  0.04485171]
U [-0.00807575  0.15865347  0.06054307  0.02660601 -0.03441833 -0.07086666
  0.0604474  -0.01129721  0.07737873  0.12262697  0.03185729  0.12780877
  0.08036824  0.06732406  0.01870353  0.04409347]
X [-0.00745195  0.15673795  0.05952264  0.02844208 -0.03327277 -0.06846214
  0.06046535 -0.00934046  0.07635968  0.12060628  0.0320997   0.12828477
  0.07804736  0.06664641  0.0156869   0.04485169]
alpha 2.0282460771046556e-28
A 4.1137821492903903e-26
Y [0.08781405 0.15150284 0.12350419 0.04499326 0.06044874 0.00484569
 0.10799359 0.0927128  0.13395118 0.12094462 0.02137497 0.13869703
 0.1277538  0.09365417 0.11844895 0.08162426]
U [0.08519007 0.15503351 0.1257035  0.04438113 0.05847758 0.00078503
 0.1079695  0.0898234  0.13379338 0.12331111 0.02082137 0.13933177
 0.12895324 0.09513363 0.11999786 0.0812016 ]
X [0.08781399 0.15150292 0.12350423 0.04499324 0.06044868 0.00484559
 0.10799359 0.09271273 0.13395117 0.12094467 0.02137496 0.13869705
 0.12775383 0.0936542  0.11844899 0.08162425]
alpha 2.0282460771046556e-28
A 4.1137821492903903e-26
Y [ 0.00469601  0.09772296  0.10321717  0.05453071  0.03843756 -0.02893775
  0.06158811  0.02347601  0.01617506  0.09607743  0.00656351  0.06560704
  0.08739308  0.05441543  0.05914509  0.04070309]
U [ 0.00225568  0.10127699  0.10511939  0.05301287  0.03588817 -0.03251005
  0.06170067  0.02091924  0.01633449  0.09816879  0.00592402  0.06740311
  0.08969175  0.05623812  0.0609042   0.03992793]
X [ 0.00469596  0.09772305  0.10321721  0.05453067  0.0384375  -0.02893784
  0.06158811  0.02347594  0.01617507  0.09607748  0.0065635   0.06560708
  0.08739312  0.05441547  0.05914513  0.04070307]
alpha 2.0282460771046556e-28
A 4.1137821492903903e-26
Y [0.04956272 0.14224262 0.13196801 0.08223664 0.04752333 0.02876558
 0.13038977 0.07267854 0.09523508 0.14467384 0.06737059 0.14556025
 0.14300176 0.08544262 0.09906853 0.07923528]
U [0.04840193 0.14568667 0.13375834 0.08140021 0.04578902 0.02466262
 0.12950023 0.07010437 0.09527956 0.1463269  0.06634013 0.14519758
 0.14333009 0.08727624 0.10076829 0.07894745]
X [0.04956268 0.1422427  0.13196805 0.08223661 0.04752328 0.02876547
 0.13038976 0.07267847 0.09523508 0.14467388 0.06737057 0.14556025
 0.14300178 0.08544267 0.09906858 0.07923527]
alpha 2.0282460771046556e-28
A 4.1137821492903903e-26
Y [0.0504346  0.16006395 0.12628749 0.09537943 0.04150824 0.06380599
 0.08530238 0.05139853 0.07594102 0.13830958 0.05938875 0.10477792
 0.12383167 0.06991537 0.11968924 0.04558054]
U [0.04827877 0.16370329 0.12755196 0.09434727 0.03966696 0.05948352
 0.08549461 0.04863129 0.07696018 0.14041327 0.05774268 0.10624621
 0.12542641 0.07186644 0.12178241 0.04502331]
X [0.05043455 0.16006404 0.12628752 0.0953794  0.0415082  0.06380588
 0.08530239 0.05139846 0.07594103 0.13830963 0.05938872 0.10477794
 0.1238317  0.06991541 0.11968929 0.04558053]
alpha 2.0282460771046556e-28
A 4.1137821492903903e-26
Y [ 0.03044063  0.11337428  0.07835254  0.02948758  0.00488769 -0.00796373
  0.04227296  0.03821325  0.05617157  0.0815596   0.00392644  0.0664928
  0.06619489  0.03572381  0.07571358  0.02935607]
U [ 0.029791    0.11805937  0.08012766  0.02786604  0.00244267 -0.0112374
  0.04258003  0.03633984  0.05712056  0.08331386  0.00241636  0.06713154
  0.06773328  0.03690647  0.0784547   0.02934677]
X [ 0.03044061  0.11337439  0.07835258  0.02948754  0.00488764 -0.0079638
  0.04227296  0.0382132   0.05617159  0.08155963  0.0039264   0.06649282
  0.06619492  0.03572384  0.07571364  0.02935607]
alpha 2.0282460771046556e-28
A 4.1137821492903903e-26
Y [0.03384436 0.11867191 0.13718479 0.076873   0.09104462 0.02512044
 0.1178897  0.06246138 0.08657884 0.12140573 0.03815259 0.14548612
 0.09764129 0.054574   0.11183728 0.0503313 ]
U [0.03158377 0.12223479 0.13849009 0.07595864 0.08909474 0.02052596
 0.11836128 0.05939338 0.08656604 0.12359002 0.03755082 0.1466633
 0.09923473 0.05664626 0.11419845 0.0500731 ]
X [0.03384431 0.118672   0.13718483 0.07687297 0.09104457 0.02512034
 0.11788971 0.06246131 0.08657885 0.12140578 0.03815258 0.14548614
 0.09764133 0.05457405 0.11183734 0.05033129]
alpha 2.0282460771046556e-28
A 4.1137821492903903e-26
0 x: [0.04091685 0.13549359 0.11106794 0.06428539 0.04129535 0.00912725
 0.08743903 0.05645441 0.08089062 0.12045332 0.03455606 0.11876433
 0.107047   0.06443764 0.08530119 0.05498451]
1 x: [-0.00745195  0.15673795  0.05952264  0.02844208 -0.03327277 -0.06846214
  0.06046535 -0.00934046  0.07635968  0.12060628  0.0320997   0.12828477
  0.07804736  0.06664641  0.0156869   0.04485169]
2 x: [0.08781399 0.15150292 0.12350423 0.04499324 0.06044868 0.00484559
 0.10799359 0.09271273 0.13395117 0.12094467 0.02137496 0.13869705
 0.12775383 0.0936542  0.11844899 0.08162425]
3 x: [ 0.00469596  0.09772305  0.10321721  0.05453067  0.0384375  -0.02893784
  0.06158811  0.02347594  0.01617507  0.09607748  0.0065635   0.06560708
  0.08739312  0.05441547  0.05914513  0.04070307]
4 x: [0.04956268 0.1422427  0.13196805 0.08223661 0.04752328 0.02876547
 0.13038976 0.07267847 0.09523508 0.14467388 0.06737057 0.14556025
 0.14300178 0.08544267 0.09906858 0.07923527]
5 x: [0.05043455 0.16006404 0.12628752 0.0953794  0.0415082  0.06380588
 0.08530239 0.05139846 0.07594103 0.13830963 0.05938872 0.10477794
 0.1238317  0.06991541 0.11968929 0.04558053]
6 x: [ 0.03044061  0.11337439  0.07835258  0.02948754  0.00488764 -0.0079638
  0.04227296  0.0382132   0.05617159  0.08155963  0.0039264   0.06649282
  0.06619492  0.03572384  0.07571364  0.02935607]
7 x: [0.03384431 0.118672   0.13718483 0.07687297 0.09104457 0.02512034
 0.11788971 0.06246131 0.08657885 0.12140578 0.03815258 0.14548614
 0.09764133 0.05457405 0.11183734 0.05033129]
Agent reg error:  0.10974861663666066
Agent sum error:  0.21539107579700434
Error after aggregation:  0.8835241021553445

Iteration 400
Y [0.04013206 0.13706483 0.11180795 0.06377423 0.04040951 0.00742726
 0.08752036 0.05529552 0.08108686 0.12139516 0.03419461 0.11909779
 0.10773922 0.0652047  0.08626677 0.05483116]
U [0.03835743 0.14057346 0.11344801 0.06259179 0.03840128 0.00359398
 0.08767475 0.05266399 0.08150713 0.12347682 0.03336359 0.11980957
 0.10927339 0.06690757 0.08843584 0.05446381]
X [0.04013203 0.13706488 0.11180797 0.06377421 0.04040948 0.0074272
 0.08752036 0.05529548 0.08108687 0.12139519 0.03419459 0.1190978
 0.10773924 0.06520473 0.08626681 0.05483116]
alpha 2.5287975080741753e-28
A 6.394816836842194e-26
Y [-0.00774698  0.15757591  0.05998992  0.0276476  -0.03376897 -0.06952793
  0.06044222 -0.01020432  0.07676748  0.12146013  0.03195687  0.12806099
  0.07903471  0.06695053  0.01701959  0.04450984]
U [-0.00845192  0.15945359  0.06108126  0.02588705 -0.03486889 -0.07194161
  0.06036035 -0.01215388  0.07760267  0.12331006  0.0315613   0.12752854
  0.08118893  0.06764767  0.02003275  0.04372407]
X [-0.00774699  0.15757594  0.05998994  0.02764757 -0.03376899 -0.06952797
  0.06044222 -0.01020435  0.07676749  0.12146016  0.03195686  0.12806098
  0.07903474  0.06695054  0.01701963  0.04450983]
alpha 2.5287975080741753e-28
A 6.394816836842194e-26
Y [0.08667259 0.15305012 0.12443211 0.04470516 0.05956196 0.00307142
 0.10798049 0.09142639 0.13387757 0.12197455 0.02112515 0.13896974
 0.12829033 0.09430026 0.11914616 0.08142178]
U [ 0.08412567  0.15651506  0.1264375   0.04401379  0.05752443 -0.00090158
  0.10793944  0.08849604  0.13369918  0.12426335  0.02054655  0.13956307
  0.1295095   0.09574097  0.12074383  0.08092916]
X [0.08667255 0.15305017 0.12443214 0.04470515 0.05956193 0.00307136
 0.10798049 0.09142634 0.13387757 0.12197458 0.02112514 0.13896975
 0.12829034 0.09430028 0.11914619 0.08142177]
alpha 2.5287975080741753e-28
A 6.394816836842194e-26
Y [ 0.00364599  0.09928366  0.10402239  0.05385497  0.03731605 -0.03051544
  0.06162307  0.02234264  0.01627195  0.09698307  0.00627511  0.06636413
  0.08836532  0.05520409  0.05993196  0.04036251]
U [ 0.00133106  0.10278964  0.10576977  0.05231629  0.03479171 -0.03407834
  0.06167143  0.01977366  0.01654383  0.09899036  0.00561104  0.06799917
  0.09047367  0.05695112  0.06173012  0.0395961 ]
X [ 0.00364596  0.09928371  0.10402242  0.05385494  0.03731602 -0.0305155
  0.06162307  0.02234259  0.01627196  0.0969831   0.00627509  0.06636415
  0.08836535  0.05520412  0.05993199  0.0403625 ]
alpha 2.5287975080741753e-28
A 6.394816836842194e-26
Y [0.04902091 0.14373729 0.13274537 0.08184971 0.04673251 0.02695251
 0.13002917 0.07152247 0.09524749 0.14540251 0.06693893 0.14540832
 0.14317977 0.08625822 0.09982329 0.07910999]
U [0.04773795 0.14705746 0.13447127 0.08093723 0.0448953  0.02285465
 0.12927529 0.06887055 0.09525873 0.14704108 0.06600812 0.14507741
 0.1436445  0.08810879 0.10153527 0.07882776]
X [0.04902088 0.14373734 0.13274539 0.08184969 0.04673247 0.02695245
 0.13002916 0.07152242 0.09524749 0.14540254 0.06693892 0.14540832
 0.14317978 0.08625825 0.09982331 0.07910998]
alpha 2.5287975080741753e-28
A 6.394816836842194e-26
Y [0.04950295 0.16165918 0.12686753 0.0949058  0.04068457 0.06190793
 0.08538811 0.05018706 0.0763572  0.13923572 0.0587057  0.10538718
 0.12452945 0.07076258 0.12060857 0.04535116]
U [0.04743937 0.16523547 0.12821887 0.09379761 0.03880221 0.05764237
 0.08558126 0.04747062 0.0772275  0.1413183  0.0572496  0.10668159
 0.12609044 0.07264502 0.12267434 0.04486498]
X [0.04950292 0.16165923 0.12686756 0.09490578 0.04068454 0.06190786
 0.08538811 0.05018702 0.0763572  0.13923575 0.05870568 0.1053872
 0.12452948 0.07076261 0.1206086  0.04535116]
alpha 2.5287975080741753e-28
A 6.394816836842194e-26
Y [ 0.03014979  0.11541081  0.07911341  0.02877101  0.00383651 -0.0093983
  0.04241121  0.03737746  0.05658216  0.08230655  0.00326248  0.0667829
  0.06687049  0.03623738  0.07689124  0.02935154]
U [ 0.0294849   0.11994331  0.08078484  0.02715066  0.00152037 -0.01261538
  0.04272836  0.03547194  0.05749163  0.08393628  0.00176888  0.06745307
  0.0683885   0.037379    0.07948513  0.0293397 ]
X [ 0.03014978  0.11541087  0.07911343  0.02877098  0.00383648 -0.00939835
  0.04241122  0.03737743  0.05658217  0.08230657  0.00326245  0.06678291
  0.06687051  0.0362374   0.07689127  0.02935154]
alpha 2.5287975080741753e-28
A 6.394816836842194e-26
Y [0.0328746  0.12024693 0.1378019  0.07646034 0.09019933 0.02314333
 0.11809601 0.06113758 0.08660889 0.1223747  0.03787555 0.14599488
 0.09834539 0.05546826 0.11288433 0.0502121 ]
U [0.03074662 0.12381028 0.13928293 0.07551113 0.08832426 0.01878854
 0.11856068 0.05821474 0.08675326 0.12457434 0.03722795 0.14712286
 0.0999395  0.05744556 0.11526074 0.04993398]
X [0.03287457 0.12024699 0.13780193 0.07646033 0.0901993  0.02314327
 0.11809602 0.06113754 0.0866089  0.12237473 0.03787554 0.1459949
 0.09834541 0.05546829 0.11288437 0.05021209]
alpha 2.5287975080741753e-28
A 6.394816836842194e-26
0 x: [0.04013203 0.13706488 0.11180797 0.06377421 0.04040948 0.0074272
 0.08752036 0.05529548 0.08108687 0.12139519 0.03419459 0.1190978
 0.10773924 0.06520473 0.08626681 0.05483116]
1 x: [-0.00774699  0.15757594  0.05998994  0.02764757 -0.03376899 -0.06952797
  0.06044222 -0.01020435  0.07676749  0.12146016  0.03195686  0.12806098
  0.07903474  0.06695054  0.01701963  0.04450983]
2 x: [0.08667255 0.15305017 0.12443214 0.04470515 0.05956193 0.00307136
 0.10798049 0.09142634 0.13387757 0.12197458 0.02112514 0.13896975
 0.12829034 0.09430028 0.11914619 0.08142177]
3 x: [ 0.00364596  0.09928371  0.10402242  0.05385494  0.03731602 -0.0305155
  0.06162307  0.02234259  0.01627196  0.0969831   0.00627509  0.06636415
  0.08836535  0.05520412  0.05993199  0.0403625 ]
4 x: [0.04902088 0.14373734 0.13274539 0.08184969 0.04673247 0.02695245
 0.13002916 0.07152242 0.09524749 0.14540254 0.06693892 0.14540832
 0.14317978 0.08625825 0.09982331 0.07910998]
5 x: [0.04950292 0.16165923 0.12686756 0.09490578 0.04068454 0.06190786
 0.08538811 0.05018702 0.0763572  0.13923575 0.05870568 0.1053872
 0.12452948 0.07076261 0.1206086  0.04535116]
6 x: [ 0.03014978  0.11541087  0.07911343  0.02877098  0.00383648 -0.00939835
  0.04241122  0.03737743  0.05658217  0.08230657  0.00326245  0.06678291
  0.06687051  0.0362374   0.07689127  0.02935154]
7 x: [0.03287457 0.12024699 0.13780193 0.07646033 0.0901993  0.02314327
 0.11809602 0.06113754 0.0866089  0.12237473 0.03787554 0.1459949
 0.09834541 0.05546829 0.11288437 0.05021209]
Agent reg error:  0.10913466625998139
Agent sum error:  0.2131193693847829
Error after aggregation:  0.8785443476937302

Iteration 500
Y [0.0394912  0.13832177 0.11239271 0.06333956 0.03968243 0.00604513
 0.08756884 0.05434168 0.08123292 0.12213501 0.03389081 0.11934387
 0.10828606 0.06581179 0.08704784 0.05469312]
U [0.03772412 0.14176338 0.11398718 0.06212062 0.03767227 0.00223883
 0.08768437 0.05170175 0.08162143 0.12414529 0.03304344 0.11999443
 0.10977651 0.06746609 0.08919753 0.05429867]
X [0.03949118 0.13832181 0.11239273 0.06333955 0.03968241 0.00604509
 0.08756884 0.05434165 0.08123292 0.12213503 0.0338908  0.11934388
 0.10828608 0.06581181 0.08704787 0.05469312]
alpha 3.029248934990633e-28
A 9.17634911014199e-26
Y [-0.00801076  0.15825117  0.0603949   0.02702114 -0.03416004 -0.07040033
  0.06040601 -0.01090719  0.0770471   0.12210808  0.03179515  0.12786231
  0.07979372  0.06720536  0.01811004  0.04422306]
U [-0.00876068  0.16010792  0.06154147  0.02531756 -0.03522224 -0.07280739
  0.06029065 -0.01284192  0.07776301  0.12384476  0.03130137  0.12729889
  0.08184024  0.0679166   0.02112557  0.0434251 ]
X [-0.00801077  0.15825119  0.06039491  0.02702113 -0.03416005 -0.07040035
  0.06040601 -0.01090721  0.0770471   0.1221081   0.03179514  0.1278623
  0.07979374  0.06720537  0.01811007  0.04422305]
alpha 3.029248934990633e-28
A 9.17634911014199e-26
Y [0.08576002 0.15429269 0.12513268 0.04444363 0.05881672 0.00164458
 0.10796128 0.09036067 0.13380903 0.12278987 0.02091166 0.13917635
 0.12873119 0.09481477 0.11972865 0.08123396]
U [ 0.08326177  0.15769837  0.12700567  0.04369182  0.05673731 -0.00227029
  0.10789763  0.08740214  0.13360972  0.12501022  0.0203114   0.13972663
  0.12994926  0.09621906  0.12135042  0.08069075]
X [0.08576    0.15429272 0.1251327  0.04444362 0.0588167  0.00164454
 0.10796128 0.09036063 0.13380903 0.12278989 0.02091165 0.13917635
 0.1287312  0.09481478 0.11972866 0.08123395]
alpha 3.029248934990633e-28
A 9.17634911014199e-26
Y [ 0.00282526  0.10054523  0.10463537  0.05329572  0.03640682 -0.0318016
  0.06163295  0.02141255  0.01638413  0.097698    0.00603204  0.06693495
  0.08910438  0.05582598  0.06058773  0.04008653]
U [ 0.00060142  0.10401447  0.10628129  0.05174408  0.03390548 -0.03534713
  0.06164188  0.01884157  0.01672995  0.09964517  0.0053537   0.0684597
  0.091087    0.05751848  0.06241444  0.03932785]
X [ 0.00282524  0.10054527  0.10463539  0.05329571  0.0364068  -0.03180164
  0.06163294  0.02141252  0.01638414  0.09769802  0.00603204  0.06693497
  0.0891044   0.05582599  0.06058775  0.04008653]
alpha 3.029248934990633e-28
A 9.17634911014199e-26
Y [0.0485422  0.14492092 0.13335929 0.08150838 0.04605546 0.02547103
 0.12976921 0.07055301 0.09524592 0.14598979 0.06661177 0.14528915
 0.1433609  0.08692668 0.10044277 0.07900632]
U [0.04718281 0.14814562 0.13502708 0.08053478 0.04415319 0.0213796
 0.12907914 0.06784775 0.09522578 0.14759526 0.06572911 0.14495786
 0.14389064 0.08876836 0.10215387 0.07871362]
X [0.04854219 0.14492095 0.13335931 0.08150837 0.04605544 0.02547099
 0.1297692  0.07055298 0.09524592 0.14598981 0.06661176 0.14528915
 0.14336091 0.0869267  0.10044279 0.07900632]
alpha 3.029248934990633e-28
A 9.17634911014199e-26
Y [0.0487671  0.16294251 0.1273642  0.09449416 0.03999844 0.06037201
 0.08545605 0.04920951 0.0766531  0.13998334 0.05820005 0.10583234
 0.12508804 0.07143342 0.12135159 0.04518215]
U [0.0467596  0.16645993 0.12875334 0.09332783 0.038089   0.05614555
 0.08563663 0.0465196  0.07742228 0.14203145 0.05685345 0.10700223
 0.12661415 0.07325985 0.12339318 0.04473035]
X [0.04876708 0.16294255 0.12736421 0.09449414 0.03999842 0.06037196
 0.08545606 0.04920948 0.0766531  0.13998336 0.05820004 0.10583235
 0.12508806 0.07143343 0.12135162 0.04518215]
alpha 3.029248934990633e-28
A 9.17634911014199e-26
Y [ 0.02990791  0.11703043  0.07970528  0.02818505  0.00301524 -0.01055383
  0.04252731  0.03668458  0.0569061   0.08288027  0.00272483  0.06702868
  0.06741709  0.03664488  0.07781174  0.0293468 ]
U [ 0.02923688  0.12145474  0.08130894  0.0265667   0.00078886 -0.01372457
  0.04285233  0.03476159  0.05778864  0.08442547  0.00124668  0.0677165
  0.06892162  0.03775688  0.08031082  0.02933279]
X [ 0.0299079   0.11703047  0.07970529  0.02818504  0.00301522 -0.01055386
  0.04252731  0.03668456  0.0569061   0.08288028  0.00272481  0.06702869
  0.0674171   0.03664489  0.07781177  0.0293468 ]
alpha 3.029248934990633e-28
A 9.17634911014199e-26
Y [0.03212019 0.12153306 0.13835598 0.07611112 0.08952944 0.02159659
 0.11826137 0.06009637 0.08667786 0.12316901 0.03763501 0.1463944
 0.09892004 0.05617037 0.11374487 0.05010776]
U [0.03006918 0.12507283 0.13992431 0.07512727 0.08769629 0.01738852
 0.11870583 0.05725317 0.08690312 0.1253528  0.03695217 0.14747112
 0.100497   0.05807456 0.11612185 0.04980621]
X [0.03212016 0.1215331  0.138356   0.07611111 0.08952943 0.02159655
 0.11826137 0.06009634 0.08667786 0.12316903 0.037635   0.14639441
 0.09892005 0.05617038 0.1137449  0.05010776]
alpha 3.029248934990633e-28
A 9.17634911014199e-26
0 x: [0.03949118 0.13832181 0.11239273 0.06333955 0.03968241 0.00604509
 0.08756884 0.05434165 0.08123292 0.12213503 0.0338908  0.11934388
 0.10828608 0.06581181 0.08704787 0.05469312]
1 x: [-0.00801077  0.15825119  0.06039491  0.02702113 -0.03416005 -0.07040035
  0.06040601 -0.01090721  0.0770471   0.1221081   0.03179514  0.1278623
  0.07979374  0.06720537  0.01811007  0.04422305]
2 x: [0.08576    0.15429272 0.1251327  0.04444362 0.0588167  0.00164454
 0.10796128 0.09036063 0.13380903 0.12278989 0.02091165 0.13917635
 0.1287312  0.09481478 0.11972866 0.08123395]
3 x: [ 0.00282524  0.10054527  0.10463539  0.05329571  0.0364068  -0.03180164
  0.06163294  0.02141252  0.01638414  0.09769802  0.00603204  0.06693497
  0.0891044   0.05582599  0.06058775  0.04008653]
4 x: [0.04854219 0.14492095 0.13335931 0.08150837 0.04605544 0.02547099
 0.1297692  0.07055298 0.09524592 0.14598981 0.06661176 0.14528915
 0.14336091 0.0869267  0.10044279 0.07900632]
5 x: [0.04876708 0.16294255 0.12736421 0.09449414 0.03999842 0.06037196
 0.08545606 0.04920948 0.0766531  0.13998336 0.05820004 0.10583235
 0.12508806 0.07143343 0.12135162 0.04518215]
6 x: [ 0.0299079   0.11703047  0.07970529  0.02818504  0.00301522 -0.01055386
  0.04252731  0.03668456  0.0569061   0.08288028  0.00272481  0.06702869
  0.0674171   0.03664489  0.07781177  0.0293468 ]
7 x: [0.03212016 0.1215331  0.138356   0.07611111 0.08952943 0.02159655
 0.11826137 0.06009634 0.08667786 0.12316903 0.037635   0.14639441
 0.09892005 0.05617038 0.1137449  0.05010776]
Agent reg error:  0.10860966933030891
Agent sum error:  0.21133397959268202
Error after aggregation:  0.8745742450087601

Iteration 600
Y [0.03895157 0.13936756 0.11287578 0.0629621  0.03906708 0.00488359
 0.08759992 0.05353281 0.08134829 0.12274197 0.03362961 0.11953583
 0.10873739 0.06631241 0.08770404 0.05456932]
U [0.03719458 0.14275721 0.11443724 0.06171661 0.03705879 0.00110389
 0.08768836 0.0508905  0.08171397 0.12469704 0.03277159 0.12014013
 0.11019552 0.06792849 0.08984056 0.05415587]
X [0.03895155 0.13936758 0.11287579 0.06296209 0.03906707 0.00488356
 0.08759992 0.05353279 0.08134829 0.12274199 0.03362961 0.11953583
 0.1087374  0.06631242 0.08770405 0.05456931]
alpha 3.5296311315598076e-28
A 1.2458295924876315e-25
Y [-0.00824472  0.15881774  0.06075292  0.02650644 -0.03448046 -0.07113559
  0.06036766 -0.01149714  0.0772531   0.12262708  0.03163316  0.12768682
  0.08040847  0.06742482  0.01903408  0.04397786]
U [-0.00902106  0.16066199  0.06194344  0.02484711 -0.03551165 -0.07352999
  0.06023382 -0.01341535  0.07788585  0.1242828   0.03107176  0.12710515
  0.08237977  0.06814641  0.02205354  0.04317497]
X [-0.00824472  0.15881776  0.06075293  0.02650643 -0.03448047 -0.07113561
  0.06036766 -0.01149715  0.0772531   0.1226271   0.03163315  0.12768682
  0.08040848  0.06742483  0.0190341   0.04397785]
alpha 3.5296311315598076e-28
A 1.2458295924876315e-25
Y [0.0850018  0.15532897 0.12569159 0.04420693 0.05817594 0.00045399
 0.10794014 0.08945254 0.13374618 0.12346215 0.02072597 0.13934041
 0.12910474 0.09524054 0.12022872 0.08106234]
U [ 0.08254853  0.15869351  0.1274728   0.04341507  0.05607232 -0.00340632
  0.10786785  0.08648213  0.13353655  0.12563499  0.02011494  0.13986387
  0.1303278   0.09661816  0.12187364  0.08048669]
X [0.08500178 0.155329   0.1256916  0.04420692 0.05817593 0.00045396
 0.10794014 0.08945252 0.13374618 0.12346217 0.02072596 0.13934042
 0.12910475 0.09524055 0.12022874 0.08106233]
alpha 3.5296311315598076e-28
A 1.2458295924876315e-25
Y [ 0.00215572  0.10160336  0.10512829  0.0528195   0.03564432 -0.03288412
  0.06163189  0.02062589  0.0164988   0.09828743  0.00582309  0.06738928
  0.08969748  0.05633786  0.06115091  0.03985559]
U [ 5.44576068e-06  1.05045703e-01  1.06704620e-01  5.12615604e-02
  3.31658805e-02 -3.64079073e-02  6.16176910e-02  1.80599895e-02
  1.69003259e-02  1.00191373e-01  5.13748587e-03  6.88344884e-02
  9.15918416e-02  5.79896755e-02  6.30022052e-02  3.91061871e-02]
X [ 0.00215571  0.10160339  0.1051283   0.05281949  0.0356443  -0.03288415
  0.06163189  0.02062587  0.0164988   0.09828745  0.00582309  0.06738929
  0.08969749  0.05633787  0.06115093  0.03985558]
alpha 3.5296311315598076e-28
A 1.2458295924876315e-25
Y [0.04811778 0.14589654 0.13386229 0.08120251 0.04546593 0.02421931
 0.12956313 0.06971856 0.09523553 0.14647582 0.06634555 0.14518599
 0.14352851 0.087488   0.10096601 0.07891443]
U [0.04670778 0.14904548 0.13548057 0.08017957 0.04352005 0.02013616
 0.12890472 0.06697556 0.09518831 0.14804429 0.06548768 0.1448426
 0.14409077 0.08931153 0.10267198 0.07860672]
X [0.04811777 0.14589657 0.13386231 0.0812025  0.04546592 0.02421928
 0.12956313 0.06971853 0.09523553 0.14647583 0.06634555 0.14518599
 0.14352852 0.08748801 0.10096602 0.07891443]
alpha 3.5296311315598076e-28
A 1.2458295924876315e-25
Y [0.04815826 0.16401145 0.12779211 0.09412975 0.0394107  0.05908237
 0.08550875 0.04838817 0.07687701 0.14060479 0.05779859 0.10617568
 0.12555032 0.07198544 0.12197352 0.04504655]
U [0.04618789 0.16747576 0.12919564 0.09291717 0.0374824  0.0548855
 0.08567202 0.04571296 0.07757275 0.14261496 0.05651954 0.10725081
 0.12704357 0.07376502 0.12399416 0.04461112]
X [0.04815825 0.16401147 0.12779212 0.09412974 0.03941068 0.05908233
 0.08550875 0.04838815 0.07687702 0.1406048  0.05779858 0.10617569
 0.12555033 0.07198545 0.12197354 0.04504654]
alpha 3.5296311315598076e-28
A 1.2458295924876315e-25
Y [ 0.0297023   0.11837256  0.080189    0.02769002  0.0023443  -0.01151848
  0.04262818  0.03609433  0.05717345  0.08334389  0.00227451  0.06724136
  0.06787655  0.03698194  0.07856661  0.02934245]
U [ 0.02903121  0.12271621  0.08174664  0.02607548  0.00018698 -0.0146482
  0.04296212  0.0341633   0.05803788  0.08482878  0.00081173  0.06794211
  0.06937341  0.03807201  0.08100037  0.02932823]
X [ 0.0297023   0.1183726   0.08018901  0.02769     0.00234428 -0.01151851
  0.04262818  0.03609431  0.05717346  0.0833439   0.0022745   0.06724136
  0.06787656  0.03698195  0.07856663  0.02934245]
alpha 3.5296311315598076e-28
A 1.2458295924876315e-25
Y [0.03149759 0.12260993 0.13884026 0.07580358 0.08897083 0.02032072
 0.11839179 0.05923058 0.08675112 0.12383118 0.03742064 0.14671483
 0.09939731 0.05674363 0.1144707  0.0500105 ]
U [0.02947784 0.12610029 0.14042784 0.07477786 0.08715301 0.0161892
 0.11879693 0.05641388 0.08699833 0.12596856 0.03670325 0.14772926
 0.10093492 0.05858401 0.11683246 0.04967557]
X [0.03149757 0.12260996 0.13884027 0.07580357 0.08897082 0.02032069
 0.11839179 0.05923056 0.08675112 0.1238312  0.03742063 0.14671483
 0.09939732 0.05674364 0.11447072 0.05001049]
alpha 3.5296311315598076e-28
A 1.2458295924876315e-25
0 x: [0.03895155 0.13936758 0.11287579 0.06296209 0.03906707 0.00488356
 0.08759992 0.05353279 0.08134829 0.12274199 0.03362961 0.11953583
 0.1087374  0.06631242 0.08770405 0.05456931]
1 x: [-0.00824472  0.15881776  0.06075293  0.02650643 -0.03448047 -0.07113561
  0.06036766 -0.01149715  0.0772531   0.1226271   0.03163315  0.12768682
  0.08040848  0.06742483  0.0190341   0.04397785]
2 x: [0.08500178 0.155329   0.1256916  0.04420692 0.05817593 0.00045396
 0.10794014 0.08945252 0.13374618 0.12346217 0.02072596 0.13934042
 0.12910475 0.09524055 0.12022874 0.08106233]
3 x: [ 0.00215571  0.10160339  0.1051283   0.05281949  0.0356443  -0.03288415
  0.06163189  0.02062587  0.0164988   0.09828745  0.00582309  0.06738929
  0.08969749  0.05633787  0.06115093  0.03985558]
4 x: [0.04811777 0.14589657 0.13386231 0.0812025  0.04546592 0.02421928
 0.12956313 0.06971853 0.09523553 0.14647583 0.06634555 0.14518599
 0.14352852 0.08748801 0.10096602 0.07891443]
5 x: [0.04815825 0.16401147 0.12779212 0.09412974 0.03941068 0.05908233
 0.08550875 0.04838815 0.07687702 0.1406048  0.05779858 0.10617569
 0.12555033 0.07198545 0.12197354 0.04504654]
6 x: [ 0.0297023   0.1183726   0.08018901  0.02769     0.00234428 -0.01151851
  0.04262818  0.03609431  0.05717346  0.0833439   0.0022745   0.06724136
  0.06787656  0.03698195  0.07856663  0.02934245]
7 x: [0.03149757 0.12260996 0.13884027 0.07580357 0.08897082 0.02032069
 0.11839179 0.05923056 0.08675112 0.1238312  0.03742063 0.14671483
 0.09939732 0.05674364 0.11447072 0.05001049]
Agent reg error:  0.10815381298104718
Agent sum error:  0.20987655348614034
Error after aggregation:  0.8712867547254576

Iteration 700
Y [0.03848652 0.14026171 0.11328679 0.06262866 0.03853437 0.00388346
 0.08762063 0.05283133 0.08144295 0.12325491 0.03340078 0.11969126
 0.10912103 0.06673721 0.08826992 0.0544576 ]
U [3.67401792e-02 1.43608974e-01 1.14822345e-01 6.13627369e-02
 3.65296566e-02 1.28599975e-04 8.76888597e-02 5.01893529e-02
 8.17909059e-02 1.25164933e-01 3.25352418e-02 1.20258724e-01
 1.10553666e-01 6.83218989e-02 9.03968991e-02 5.40298389e-02]
X [0.03848651 0.14026173 0.1132868  0.06262865 0.03853435 0.00388343
 0.08762063 0.05283131 0.08144295 0.12325492 0.03340078 0.11969126
 0.10912104 0.06673722 0.08826994 0.05445759]
alpha 4.0299625407876807e-28
A 1.6240598080152067e-25
Y [-0.00845319  0.15930608  0.06107353  0.0260705  -0.03475092 -0.07176948
  0.06033045 -0.01200444  0.07741265  0.12305818  0.03147735  0.12753063
  0.08092408  0.06761732  0.01983605  0.04376436]
U [-0.00924642  0.16114086  0.06229699  0.02444438 -0.03575805 -0.07415048
  0.06018448 -0.01390835  0.07798395  0.12465178  0.03086678  0.12693602
  0.08283886  0.06834538  0.02285801  0.04295905]
X [-0.00845319  0.15930609  0.06107354  0.02607049 -0.03475092 -0.0717695
  0.06033045 -0.01200445  0.07741265  0.12305818  0.03147735  0.12753063
  0.08092409  0.06761732  0.01983607  0.04376436]
alpha 4.0299625407876807e-28
A 1.6240598080152067e-25
Y [ 0.08435627  0.15621832  0.12615536  0.04399305  0.05761556 -0.00056383
  0.10792104  0.08866363  0.13369007  0.12403451  0.02056323  0.13947729
  0.12943079  0.09560363  0.12066856  0.08090663]
U [ 0.08194658  0.15955507  0.12787052  0.04317508  0.05549871 -0.00437108
  0.1078507   0.08569196  0.13347782  0.12617513  0.0199491   0.13998629
  0.13066477  0.09696204  0.12233743  0.08031053]
X [ 0.08435625  0.15621834  0.12615536  0.04399304  0.05761554 -0.00056386
  0.10792104  0.08866361  0.13369007  0.12403453  0.02056322  0.13947729
  0.1294308   0.09560364  0.12066857  0.08090663]
alpha 4.0299625407876807e-28
A 1.6240598080152067e-25
Y [ 0.00159308  0.10251434  0.1055398   0.05240544  0.03498919 -0.03381663
  0.06162609  0.01994571  0.01661129  0.09878834  0.00564054  0.06776467
  0.0901914   0.05677202  0.06164521  0.03965784]
U [-0.00049657  0.10593522  0.10706541  0.05084429  0.03253212 -0.03731766
  0.06159737  0.01738779  0.0170559   0.1006588   0.00495121  0.0691492
  0.09202021  0.05839165  0.06351731  0.03891749]
X [ 0.00159306  0.10251436  0.10553981  0.05240543  0.03498918 -0.03381665
  0.06162609  0.0199457   0.01661129  0.09878835  0.00564054  0.06776468
  0.09019141  0.05677203  0.06164522  0.03965784]
alpha 4.0299625407876807e-28
A 1.6240598080152067e-25
Y [0.04773868 0.14672431 0.13428655 0.08092567 0.04494516 0.02313673
 0.12939117 0.06898672 0.09522008 0.14688777 0.06612008 0.14509309
 0.14368062 0.08796965 0.1014183  0.07883097]
U [0.04629457 0.14981292 0.13586566 0.07986427 0.04296926 0.01906485
 0.12875352 0.06621777 0.0951517  0.14842329 0.06527886 0.14473679
 0.14426348 0.08977474 0.10312001 0.07851039]
X [0.04773867 0.14672433 0.13428656 0.08092566 0.04494515 0.0231367
 0.12939117 0.0689867  0.09522008 0.14688778 0.06612007 0.14509309
 0.14368062 0.08796966 0.10141831 0.07883097]
alpha 4.0299625407876807e-28
A 1.6240598080152067e-25
Y [0.04763906 0.16492503 0.1281656  0.09380286 0.03889701 0.0579716
 0.08555    0.04767944 0.07705414 0.14113378 0.05746552 0.10645104
 0.12594299 0.07245262 0.12250768 0.04493228]
U [0.04569747 0.16834401 0.12957517 0.09255378 0.03695621 0.05380045
 0.08569783 0.04501535 0.07769464 0.14310914 0.0562336  0.10745245
 0.12740854 0.07419328 0.12451167 0.04450643]
X [0.04763905 0.16492505 0.12816561 0.09380285 0.038897   0.05797158
 0.08555    0.04767943 0.07705415 0.14113379 0.05746551 0.10645105
 0.125943   0.07245263 0.12250769 0.04493228]
alpha 4.0299625407876807e-28
A 1.6240598080152067e-25
Y [ 0.02952446  0.11951709  0.08059795  0.02726195  0.00177905 -0.01234452
  0.04271797  0.03558119  0.05740113  0.08373186  0.00188809  0.06742869
  0.06827326  0.03726899  0.07920619  0.02933873]
U [ 0.0288561   0.12379729  0.08212236  0.02565169 -0.00032322 -0.0154381
  0.04306041  0.03364694  0.05825233  0.08517109  0.0004397   0.06813875
  0.06976523  0.0383418   0.0815925   0.02932496]
X [ 0.02952446  0.11951712  0.08059796  0.02726194  0.00177904 -0.01234453
  0.04271797  0.03558118  0.05740114  0.08373187  0.00188808  0.0674287
  0.06827327  0.037269    0.07920621  0.02933873]
alpha 4.0299625407876807e-28
A 1.6240598080152067e-25
Y [0.03096337 0.12352949 0.13926119 0.07552597 0.08848906 0.01923033
 0.11849389 0.05848388 0.08681693 0.1243917  0.03722613 0.14697619
 0.09979989 0.05722489 0.11509526 0.04991721]
U [0.02895757 0.12696669 0.14084307 0.07446087 0.08667686 0.01514533
 0.11885833 0.05567412 0.08706403 0.12647693 0.03647892 0.14793144
 0.10129533 0.05901112 0.11743866 0.04954977]
X [0.03096336 0.12352951 0.1392612  0.07552596 0.08848904 0.01923031
 0.11849389 0.05848386 0.08681693 0.12439171 0.03722613 0.14697619
 0.0997999  0.0572249  0.11509527 0.04991721]
alpha 4.0299625407876807e-28
A 1.6240598080152067e-25
0 x: [0.03848651 0.14026173 0.1132868  0.06262865 0.03853435 0.00388343
 0.08762063 0.05283131 0.08144295 0.12325492 0.03340078 0.11969126
 0.10912104 0.06673722 0.08826994 0.05445759]
1 x: [-0.00845319  0.15930609  0.06107354  0.02607049 -0.03475092 -0.0717695
  0.06033045 -0.01200445  0.07741265  0.12305818  0.03147735  0.12753063
  0.08092409  0.06761732  0.01983607  0.04376436]
2 x: [ 0.08435625  0.15621834  0.12615536  0.04399304  0.05761554 -0.00056386
  0.10792104  0.08866361  0.13369007  0.12403453  0.02056322  0.13947729
  0.1294308   0.09560364  0.12066857  0.08090663]
3 x: [ 0.00159306  0.10251436  0.10553981  0.05240543  0.03498918 -0.03381665
  0.06162609  0.0199457   0.01661129  0.09878835  0.00564054  0.06776468
  0.09019141  0.05677203  0.06164522  0.03965784]
4 x: [0.04773867 0.14672433 0.13428656 0.08092566 0.04494515 0.0231367
 0.12939117 0.0689867  0.09522008 0.14688778 0.06612007 0.14509309
 0.14368062 0.08796966 0.10141831 0.07883097]
5 x: [0.04763905 0.16492505 0.12816561 0.09380285 0.038897   0.05797158
 0.08555    0.04767943 0.07705415 0.14113379 0.05746551 0.10645105
 0.125943   0.07245263 0.12250769 0.04493228]
6 x: [ 0.02952446  0.11951712  0.08059796  0.02726194  0.00177904 -0.01234453
  0.04271797  0.03558118  0.05740114  0.08373187  0.00188808  0.0674287
  0.06827327  0.037269    0.07920621  0.02933873]
7 x: [0.03096336 0.12352951 0.1392612  0.07552596 0.08848904 0.01923031
 0.11849389 0.05848386 0.08681693 0.12439171 0.03722613 0.14697619
 0.0997999  0.0572249  0.11509527 0.04991721]
Agent reg error:  0.10775144766176309
Agent sum error:  0.20865213150609155
Error after aggregation:  0.8684888198536208

Iteration 800
Y [0.03807856 0.14104178 0.11364407 0.06233008 0.03806513 0.00300634
 0.08763473 0.05221246 0.08152277 0.12369795 0.03319731 0.11982061
 0.10945423 0.06710537 0.08876744 0.05435602]
U [ 0.0363429   0.14435346  0.11515847  0.06104789  0.03606488 -0.00072543
  0.08768739  0.04957232  0.08185647  0.12557018  0.03232635  0.12035786
  0.11086614  0.0686636   0.09088727  0.0539171 ]
X [0.03807855 0.1410418  0.11364407 0.06233007 0.03806512 0.00300632
 0.08763473 0.05221245 0.08152277 0.12369796 0.03319731 0.11982061
 0.10945424 0.06710538 0.08876745 0.05435602]
alpha 4.530255093677107e-28
A 2.0523211213787186e-25
Y [-0.00864048  0.159735    0.06136312  0.02569245 -0.0349847  -0.07232594
  0.06029512 -0.0124492   0.07754078  0.12342557  0.03132977  0.12739003
  0.08136736  0.06778834  0.02054424  0.04357545]
U [-0.00944532  0.16156125  0.06261032  0.0240907  -0.03597374 -0.07469461
  0.06013974 -0.01434193  0.07806463  0.12496903  0.03068195  0.12678473
  0.08323732  0.0685196   0.02356662  0.04276836]
X [-0.00864048  0.15973501  0.06136312  0.02569244 -0.03498471 -0.07232595
  0.06029512 -0.01244921  0.07754078  0.12342558  0.03132977  0.12739003
  0.08136737  0.06778835  0.02054425  0.04357545]
alpha 4.530255093677107e-28
A 2.0523211213787186e-25
Y [ 0.08379639  0.15699771  0.12655121  0.04379917  0.05711865 -0.00145012
  0.10790527  0.08796771  0.13364041  0.12453323  0.02041935  0.13959552
  0.12972139  0.09592013  0.12106227  0.08076528]
U [ 0.08142699  0.16031404  0.12821651  0.04296309  0.05499486 -0.00520805
  0.10784145  0.08500003  0.13342909  0.12665012  0.01980584  0.14009622
  0.13096787  0.09726357  0.12275374  0.08015558]
X [ 0.08379638  0.15699773  0.12655122  0.04379916  0.05711864 -0.00145014
  0.10790527  0.0879677   0.1336404   0.12453324  0.02041935  0.13959552
  0.12972139  0.09592014  0.12106228  0.08076528]
alpha 4.530255093677107e-28
A 2.0523211213787186e-25
Y [ 0.00110943  0.10331369  0.10589256  0.05203936  0.03441571 -0.0346344
  0.06161811  0.01934734  0.01671949  0.09922329  0.00547875  0.06808326
  0.09061377  0.05714833  0.06208592  0.03948529]
U [-0.00093012  0.10671576  0.10737901  0.05047589  0.03197761 -0.03811339
  0.06157911  0.01679793  0.01719729  0.10106573  0.00478726  0.0694192
  0.09239156  0.05874113  0.06397502  0.03875256]
X [ 0.00110942  0.10331371  0.10589256  0.05203935  0.0344157  -0.03463441
  0.06161811  0.01934733  0.01671949  0.0992233   0.00547875  0.06808327
  0.09061378  0.05714833  0.06208593  0.03948528]
alpha 4.530255093677107e-28
A 2.0523211213787186e-25
Y [0.04739745 0.14744221 0.13465294 0.0806734  0.0444796  0.02218419
 0.12924388 0.06833577 0.09520215 0.14724432 0.06592467 0.14500837
 0.14381919 0.08839072 0.10181677 0.07875473]
U [0.04593025 0.15048242 0.1362022  0.07958253 0.04248274 0.01812626
 0.12862432 0.06554961 0.0951181  0.1487529  0.06509794 0.14464193
 0.14441889 0.09018002 0.10351649 0.07842513]
X [0.04739744 0.14744222 0.13465294 0.08067339 0.04447959 0.02218417
 0.12924387 0.06833575 0.09520214 0.14724433 0.06592466 0.14500836
 0.14381919 0.08839073 0.10181677 0.07875473]
alpha 4.530255093677107e-28
A 2.0523211213787186e-25
Y [0.04718708 0.16572164 0.12849636 0.09350672 0.03844128 0.05699706
 0.08558323 0.04705645 0.07719907 0.14159309 0.05718128 0.10667867
 0.12628373 0.07285662 0.12297572 0.0448334 ]
U [0.04527066 0.16910293 0.12990997 0.09222898 0.03649285 0.05285013
 0.08571963 0.04440321 0.07779694 0.14353881 0.05598622 0.10762181
 0.12772726 0.07456496 0.12496723 0.04441514]
X [0.04718707 0.16572166 0.12849637 0.09350671 0.03844127 0.05699704
 0.08558323 0.04705644 0.07719907 0.1415931  0.05718128 0.10667867
 0.12628374 0.07285663 0.12297573 0.04483339]
alpha 4.530255093677107e-28
A 2.0523211213787186e-25
Y [ 0.02936827  0.12051378  0.08095207  0.0268851   0.0012918  -0.01306565
  0.04279906  0.03512782  0.05759931  0.08406472  0.00155024  0.06759582
  0.06862239  0.03751866  0.07976099  0.02933553]
U [ 2.87035409e-02  1.24741783e-01  8.24510006e-02  2.52786515e-02
 -7.65901584e-04 -1.61277153e-02  4.31485378e-02  3.31925428e-02
  5.84398498e-02  8.54675427e-02  1.14747099e-04  6.83118102e-02
  7.01104237e-02  3.85770848e-02  8.21113247e-02  2.93219524e-02]
X [ 0.02936827  0.1205138   0.08095208  0.02688509  0.0012918  -0.01306567
  0.04279906  0.03512781  0.05759931  0.08406473  0.00155023  0.06759582
  0.0686224   0.03751866  0.079761    0.02933553]
alpha 4.530255093677107e-28
A 2.0523211213787186e-25
Y [0.03049476 0.12432945 0.13963092 0.07527256 0.08806499 0.01827766
 0.11857532 0.0578261  0.08687452 0.12487493 0.03704825 0.14719415
 0.1001461  0.0576381  0.11564255 0.04982797]
U [0.02850124 0.12772161 0.14120546 0.07417578 0.08625789 0.01423119
 0.11890728 0.05502207 0.08711948 0.12691556 0.03627814 0.14810081
 0.10160707 0.05937992 0.11797129 0.04943473]
X [0.03049475 0.12432946 0.13963093 0.07527255 0.08806498 0.01827764
 0.11857532 0.05782609 0.08687453 0.12487493 0.03704825 0.14719415
 0.10014611 0.05763811 0.11564256 0.04982796]
alpha 4.530255093677107e-28
A 2.0523211213787186e-25
0 x: [0.03807855 0.1410418  0.11364407 0.06233007 0.03806512 0.00300632
 0.08763473 0.05221245 0.08152277 0.12369796 0.03319731 0.11982061
 0.10945424 0.06710538 0.08876745 0.05435602]
1 x: [-0.00864048  0.15973501  0.06136312  0.02569244 -0.03498471 -0.07232595
  0.06029512 -0.01244921  0.07754078  0.12342558  0.03132977  0.12739003
  0.08136737  0.06778835  0.02054425  0.04357545]
2 x: [ 0.08379638  0.15699773  0.12655122  0.04379916  0.05711864 -0.00145014
  0.10790527  0.0879677   0.1336404   0.12453324  0.02041935  0.13959552
  0.12972139  0.09592014  0.12106228  0.08076528]
3 x: [ 0.00110942  0.10331371  0.10589256  0.05203935  0.0344157  -0.03463441
  0.06161811  0.01934733  0.01671949  0.0992233   0.00547875  0.06808327
  0.09061378  0.05714833  0.06208593  0.03948528]
4 x: [0.04739744 0.14744222 0.13465294 0.08067339 0.04447959 0.02218417
 0.12924387 0.06833575 0.09520214 0.14724433 0.06592466 0.14500836
 0.14381919 0.08839073 0.10181677 0.07875473]
5 x: [0.04718707 0.16572166 0.12849637 0.09350671 0.03844127 0.05699704
 0.08558323 0.04705644 0.07719907 0.1415931  0.05718128 0.10667867
 0.12628374 0.07285663 0.12297573 0.04483339]
6 x: [ 0.02936827  0.1205138   0.08095208  0.02688509  0.0012918  -0.01306567
  0.04279906  0.03512781  0.05759931  0.08406473  0.00155023  0.06759582
  0.0686224   0.03751866  0.079761    0.02933553]
7 x: [0.03049475 0.12432946 0.13963093 0.07527255 0.08806498 0.01827764
 0.11857532 0.05782609 0.08687453 0.12487493 0.03704825 0.14719415
 0.10014611 0.05763811 0.11564256 0.04982796]
Agent reg error:  0.1073915325337469
Agent sum error:  0.20759918675589972
Error after aggregation:  0.8660573546528043

Iteration 900
0 x: [0.03771911 0.1417265  0.11395679 0.06206234 0.03765013 0.0022334
 0.08764438 0.05166433 0.08159086 0.12408348 0.03301598 0.11992955
 0.10974571 0.06742667 0.0892072  0.05426391]
1 x: [-0.00880856  0.16011352  0.06162401  0.02536165 -0.03518869 -0.07281681
  0.06026201 -0.01284145  0.07764559  0.12374179  0.03119212  0.12726332
  0.08175191  0.06794036  0.02117195  0.04340764]
2 x: [ 0.08330795  0.15768481  0.12689295  0.04362403  0.0566771  -0.00222612
  0.10789276  0.08735185  0.1335967   0.1249709   0.02029209  0.13969888
  0.12998149  0.09619785  0.12141569  0.08063758]
3 x: [ 0.00069016  0.10401858  0.10619799  0.05171437  0.03391099 -0.03535492
  0.06160915  0.01881861  0.01682146  0.09960344  0.00533495  0.06835652
  0.09097871  0.05747676  0.06247977  0.03933372]
4 x: [0.04709099 0.14806956 0.13497234 0.08044439 0.04406321 0.02134286
 0.12911699 0.06775581 0.09518347 0.1475554  0.06575437 0.14493148
 0.14394537 0.08876103 0.10216981 0.07868565]
5 x: [0.0467914  0.16642071 0.12879041 0.0932389  0.03803609 0.05613806
 0.08561073 0.04650647 0.0773197  0.14199466 0.05693629 0.10686962
 0.12658176 0.07320863 0.12338842 0.04474725]
6 x: [ 0.02923058  0.12138738  0.08126127  0.02655173  0.00086823 -0.01369884
  0.04287223  0.0347258   0.05777295  0.08435295  0.00125324  0.06774491
  0.0689311   0.03773721  0.08024621  0.02933269]
7 x: [0.03008218 0.12503038 0.13995771 0.0750422  0.08769033 0.01744102
 0.11864181 0.05724461 0.08692555 0.12529516 0.03688651 0.1473785
 0.10044689 0.0579961  0.11612523 0.04974429]
Agent reg error:  0.10706936255471763
Agent sum error:  0.2066852248446445
Error after aggregation:  0.8639299766558478

Result
[ 0.03326298  0.14055643  0.11170668  0.05725495  0.03296342 -0.00336767
  0.08670626  0.04390325  0.07835703  0.12144972  0.03133319  0.1152716
  0.10654537  0.06834308  0.08952554  0.05251909]
